 65.455 Mm    0   0   0.00000  -0.00000     0.00000   0.00000
 65.455 Mm    1   0   0.00000  -0.00000     0.00000   0.00000
 65.455 Mm    2   0  -5.83353  -1.02368     0.00000   0.00000
 65.455 Mm    3   0   0.08685  -0.24269     0.00000   0.00000
 65.455 Mm    4   0   0.73493  -0.24003     0.00000   0.00000
 65.455 Mm    5   0  -0.70702  -0.26979     0.00000   0.00000
 65.455 Mm    6   0   0.17399  -0.05642     0.00000   0.00000
 65.455 Mm    7   0  -0.53015  -0.14500     0.00000   0.00000
 65.455 Mm    8   0   0.05462  -0.01753     0.00000   0.00000
 65.455 Mm    9   0  -0.23820  -0.03365     0.00000   0.00000
 65.455 Mm   10   0  -0.03951   0.00467     0.00000   0.00000
 65.455 Mm   11   0  -0.07022   0.00861     0.00000   0.00000
 65.455 Mm   12   0  -0.04889   0.00467     0.00000   0.00000
 65.455 Mm   13   0   0.02299   0.01828     0.00000   0.00000
 65.455 Mm   14   0  -0.01668   0.00813     0.00000   0.00000
 65.455 Mm   15   0   0.05539   0.01079     0.00000   0.00000
 65.455 Mm   16   0  -0.00403   0.00450     0.00000   0.00000
 65.455 Mm   17   0   0.04211   0.00871     0.00000   0.00000
 65.455 Mm   18   0   0.01902   0.00463     0.00000   0.00000
 65.455 Mm   19   0   0.00405   0.00037     0.00000   0.00000
 65.455 Mm   20   0   0.01134  -0.00124     0.00000   0.00000
 65.455 Mm   21   0  -0.01911  -0.00665     0.00000   0.00000
 65.455 Mm   22   0  -0.00381  -0.00458     0.00000   0.00000
 65.455 Mm   23   0  -0.03172  -0.00976     0.00000   0.00000
 65.455 Mm   24   0  -0.00343  -0.00652     0.00000   0.00000
 65.455 Mm   25   0  -0.01764  -0.00692     0.00000   0.00000
 65.455 Mm   26   0  -0.00686  -0.00486     0.00000   0.00000
 65.455 Mm   27   0  -0.00897  -0.00353     0.00000   0.00000
 65.455 Mm   28   0   0.00178  -0.00217     0.00000   0.00000
 65.455 Mm   29   0   0.00614  -0.00015     0.00000   0.00000
 65.455 Mm   30   0  -0.00120   0.00152     0.00000   0.00000
 65.455 Mm   31   0   0.00376   0.00258     0.00000   0.00000
 65.455 Mm   32   0   0.00408   0.00278     0.00000   0.00000
 65.455 Mm   33   0   0.00512   0.00274     0.00000   0.00000
 65.455 Mm   34   0   0.00141   0.00259     0.00000   0.00000
 65.455 Mm   35   0  -0.00073   0.00252     0.00000   0.00000
 65.455 Mm   36   0   0.00252   0.00187     0.00000   0.00000
 65.455 Mm   37   0   0.00110   0.00097     0.00000   0.00000
 65.455 Mm   38   0   0.00335   0.00112     0.00000   0.00000
 65.455 Mm   39   0   0.00149   0.00021     0.00000   0.00000
 65.455 Mm   40   0   0.00145   0.00025     0.00000   0.00000
 65.455 Mm   41   0   0.00276  -0.00018     0.00000   0.00000
 65.455 Mm   42   0   0.00010  -0.00049     0.00000   0.00000
 65.455 Mm   43   0   0.00225  -0.00008     0.00000   0.00000
 65.455 Mm   44   0  -0.00341  -0.00049     0.00000   0.00000
 65.455 Mm   45   0   0.00186   0.00021     0.00000   0.00000
 65.455 Mm   46   0  -0.00089  -0.00024     0.00000   0.00000
 65.455 Mm   47   0   0.00171   0.00055     0.00000   0.00000
 65.455 Mm   48   0  -0.00122   0.00021     0.00000   0.00000
 65.455 Mm   49   0   0.00142   0.00082     0.00000   0.00000
 65.455 Mm   50   0   0.00176   0.00061     0.00000   0.00000
 65.455 Mm    1   1  -0.00000  -0.00000    -0.00000  -0.00000
 65.455 Mm    2   1  -0.12292  -0.11630     0.02660   0.01479
 65.455 Mm    3   1   0.23138   0.24029     0.27870  -0.20284
 65.455 Mm    4   1   0.03624   0.06617     0.00220  -0.04827
 65.455 Mm    5   1  -0.13699   0.19012    -0.10291  -0.12966
 65.455 Mm    6   1  -0.08373  -0.13649    -0.10287   0.16229
 65.455 Mm    7   1  -0.01408   0.02543    -0.00461   0.02048
 65.455 Mm    8   1  -0.00010  -0.06071    -0.04972   0.09537
 65.455 Mm    9   1   0.04838   0.04580     0.03575  -0.00958
 65.455 Mm   10   1   0.03171  -0.03600    -0.00768   0.06468
 65.455 Mm   11   1   0.04421  -0.00293     0.02734   0.02922
 65.455 Mm   12   1   0.02528  -0.00471     0.01454   0.01834
 65.455 Mm   13   1   0.05331  -0.01809     0.03361   0.03474
 65.455 Mm   14   1   0.01276   0.00573     0.01055  -0.00355
 65.455 Mm   15   1   0.01232  -0.01515     0.00845   0.01611
 65.455 Mm   16   1  -0.00023   0.01635     0.00758  -0.02054
 65.455 Mm   17   1   0.00053  -0.02423     0.00320   0.01922
 65.455 Mm   18   1  -0.01164   0.00886    -0.00289  -0.01502
 65.455 Mm   19   1  -0.01087  -0.00900    -0.00802   0.00296
 65.455 Mm   20   1  -0.00448  -0.00003     0.00068  -0.00505
 65.455 Mm   21   1  -0.00500  -0.00301    -0.00271  -0.00356
 65.455 Mm   22   1  -0.00464  -0.00374    -0.00022  -0.00090
 65.455 Mm   23   1  -0.00779   0.00597    -0.00385  -0.00922
 65.455 Mm   24   1  -0.00246  -0.00749     0.00007   0.00685
 65.455 Mm   25   1  -0.00397   0.00815     0.00226  -0.00792
 65.455 Mm   26   1  -0.00167  -0.00121    -0.00067   0.00126
 65.455 Mm   27   1  -0.00364   0.01105     0.00089  -0.00837
 65.455 Mm   28   1  -0.00412   0.00233    -0.00352  -0.00046
 65.455 Mm   29   1   0.00016   0.00314     0.00203  -0.00069
 65.455 Mm   30   1  -0.00287   0.00441    -0.00235  -0.00272
 65.455 Mm   31   1   0.00045   0.00029    -0.00040   0.00156
 65.455 Mm   32   1  -0.00319   0.00491    -0.00269  -0.00490
 65.455 Mm   33   1   0.00114  -0.00374    -0.00151   0.00320
 65.455 Mm   34   1   0.00152   0.00238     0.00120  -0.00348
 65.455 Mm   35   1   0.00029  -0.00441    -0.00192   0.00228
 65.455 Mm   36   1   0.00083   0.00153     0.00114  -0.00329
 65.455 Mm   37   1  -0.00222  -0.00271    -0.00226  -0.00010
 65.455 Mm   38   1   0.00199  -0.00119     0.00291  -0.00065
 65.455 Mm   39   1  -0.00219  -0.00056    -0.00142  -0.00161
 65.455 Mm   40   1   0.00118  -0.00104     0.00125   0.00054
 65.455 Mm   41   1  -0.00287   0.00111    -0.00178  -0.00199
 65.455 Mm   42   1   0.00103  -0.00122     0.00111   0.00167
 65.455 Mm   43   1  -0.00121   0.00083    -0.00036  -0.00058
 65.455 Mm   44   1   0.00038  -0.00098     0.00021   0.00190
 65.455 Mm   45   1   0.00018   0.00033     0.00001   0.00056
 65.455 Mm   46   1   0.00046   0.00005     0.00047   0.00089
 65.455 Mm   47   1   0.00160   0.00058     0.00131   0.00032
 65.455 Mm   48   1   0.00034  -0.00010    -0.00012   0.00105
 65.455 Mm   49   1   0.00103  -0.00005     0.00062   0.00093
 65.455 Mm   50   1   0.00042   0.00029    -0.00008   0.00024
 65.455 Mm    2   2  -0.23957  -0.01116    -0.01491   0.00529
 65.455 Mm    3   2  -0.21277   0.03298    -0.16518   0.13009
 65.455 Mm    4   2  -0.20061   0.03394    -0.19619  -0.01379
 65.455 Mm    5   2  -0.12616   0.12210    -0.06931  -0.15269
 65.455 Mm    6   2  -0.11766   0.01172    -0.13942  -0.07876
 65.455 Mm    7   2  -0.03451  -0.04944    -0.04500   0.02855
 65.455 Mm    8   2  -0.02938  -0.05584    -0.03605   0.01275
 65.455 Mm    9   2   0.07317  -0.02005     0.03415   0.00245
 65.455 Mm   10   2   0.01262  -0.05272    -0.00237   0.00825
 65.455 Mm   11   2   0.02976  -0.04881     0.00668   0.01810
 65.455 Mm   12   2  -0.03222  -0.04665    -0.04572   0.02562
 65.455 Mm   13   2   0.02075  -0.03817     0.00329   0.02487
 65.455 Mm   14   2  -0.00783  -0.01227    -0.01825   0.01063
 65.455 Mm   15   2   0.00523  -0.03302    -0.00699   0.02720
 65.455 Mm   16   2  -0.01305  -0.00095    -0.02177   0.00407
 65.455 Mm   17   2  -0.00287  -0.00169    -0.00537   0.00979
 65.455 Mm   18   2   0.00382   0.01365     0.00296  -0.00850
 65.455 Mm   19   2   0.00073  -0.00155    -0.00059   0.01153
 65.455 Mm   20   2  -0.00134   0.01092     0.00186  -0.00539
 65.455 Mm   21   2   0.00166   0.00680     0.00285  -0.00126
 65.455 Mm   22   2   0.00438   0.00282     0.00613  -0.00037
 65.455 Mm   23   2   0.00854   0.00061     0.00706   0.00105
 65.455 Mm   24   2  -0.00077  -0.00092    -0.00216  -0.00055
 65.455 Mm   25   2   0.00223   0.00460     0.00187  -0.00272
 65.455 Mm   26   2  -0.00151  -0.00451    -0.00339   0.00334
 65.455 Mm   27   2   0.00294   0.00165     0.00187  -0.00134
 65.455 Mm   28   2  -0.00227  -0.00398    -0.00532   0.00222
 65.455 Mm   29   2   0.00031   0.00125    -0.00075  -0.00261
 65.455 Mm   30   2  -0.00037  -0.00330    -0.00244   0.00336
 65.455 Mm   31   2  -0.00053   0.00041    -0.00025  -0.00253
 65.455 Mm   32   2   0.00036  -0.00178    -0.00027   0.00073
 65.455 Mm   33   2  -0.00181  -0.00090    -0.00095  -0.00101
 65.455 Mm   34   2   0.00213  -0.00254     0.00225   0.00061
 65.455 Mm   35   2  -0.00199   0.00042    -0.00039  -0.00199
 65.455 Mm   36   2   0.00053  -0.00061     0.00187  -0.00095
 65.455 Mm   37   2  -0.00147   0.00085     0.00013  -0.00135
 65.455 Mm   38   2  -0.00107   0.00026     0.00076   0.00015
 65.455 Mm   39   2  -0.00021   0.00214     0.00169  -0.00115
 65.455 Mm   40   2  -0.00202   0.00242    -0.00022  -0.00092
 65.455 Mm   41   2   0.00091   0.00326     0.00223  -0.00076
 65.455 Mm   42   2  -0.00097   0.00186    -0.00030  -0.00040
 65.455 Mm   43   2   0.00188   0.00238     0.00254   0.00011
 65.455 Mm   44   2  -0.00006   0.00105    -0.00027  -0.00008
 65.455 Mm   45   2   0.00102   0.00067     0.00118   0.00058
 65.455 Mm   46   2   0.00072   0.00057     0.00046  -0.00001
 65.455 Mm   47   2   0.00084  -0.00068     0.00001   0.00027
 65.455 Mm   48   2   0.00150   0.00004     0.00105  -0.00045
 65.455 Mm   49   2  -0.00140  -0.00175    -0.00226   0.00058
 65.455 Mm   50   2   0.00109  -0.00018     0.00088  -0.00029
 65.455 Mm    3   3   0.00952  -0.23938     0.05092   0.24443
 65.455 Mm    4   3  -0.04450   0.09897    -0.08156  -0.03118
 65.455 Mm    5   3   0.01235   0.12120     0.02423  -0.16810
 65.455 Mm    6   3   0.12036   0.05520     0.08062  -0.03695
 65.455 Mm    7   3   0.05376   0.01912     0.08207  -0.03253
 65.455 Mm    8   3  -0.01105   0.02647    -0.03051  -0.00230
 65.455 Mm    9   3   0.00356   0.02286    -0.00332  -0.01252
 65.455 Mm   10   3   0.00973  -0.01366    -0.00307   0.01210
 65.455 Mm   11   3   0.01632   0.00197     0.01438   0.00999
 65.455 Mm   12   3  -0.01933  -0.04729    -0.02831   0.03810
 65.455 Mm   13   3   0.00107   0.00973     0.00114   0.01126
 65.455 Mm   14   3  -0.01265  -0.02366    -0.02073   0.01704
 65.455 Mm   15   3   0.01119   0.00827     0.00844  -0.00405
 65.455 Mm   16   3  -0.01439  -0.02306    -0.01735   0.01926
 65.455 Mm   17   3   0.01759   0.00943     0.01132  -0.00979
 65.455 Mm   18   3  -0.01557  -0.01746    -0.02273   0.01236
 65.455 Mm   19   3   0.01583   0.00366     0.00985  -0.00642
 65.455 Mm   20   3  -0.00438  -0.01076    -0.00990   0.00525
 65.455 Mm   21   3   0.01122   0.00115     0.00956  -0.00266
 65.455 Mm   22   3  -0.01216  -0.00414    -0.01497  -0.00180
 65.455 Mm   23   3   0.00357  -0.00113     0.00652  -0.00104
 65.455 Mm   24   3  -0.00867  -0.00113    -0.00676  -0.00554
 65.455 Mm   25   3   0.00247  -0.00265     0.00560   0.00016
 65.455 Mm   26   3  -0.01249   0.00116    -0.00940  -0.00756
 65.455 Mm   27   3  -0.00380  -0.00199    -0.00028  -0.00013
 65.455 Mm   28   3  -0.00870   0.00289    -0.00442  -0.00647
 65.455 Mm   29   3   0.00009  -0.00386     0.00119   0.00322
 65.455 Mm   30   3  -0.00523   0.00049    -0.00340  -0.00116
 65.455 Mm   31   3  -0.00103   0.00063    -0.00065   0.00015
 65.455 Mm   32   3  -0.00059   0.00130    -0.00072  -0.00108
 65.455 Mm   33   3   0.00035  -0.00036    -0.00036   0.00173
 65.455 Mm   34   3   0.00260  -0.00163     0.00158   0.00412
 65.455 Mm   35   3   0.00006   0.00167    -0.00056  -0.00020
 65.455 Mm   36   3   0.00311  -0.00043     0.00185   0.00254
 65.455 Mm   37   3  -0.00032   0.00213    -0.00093  -0.00169
 65.455 Mm   38   3   0.00203  -0.00218     0.00070   0.00267
 65.455 Mm   39   3  -0.00079   0.00115    -0.00136  -0.00137
 65.455 Mm   40   3   0.00164  -0.00191     0.00019   0.00199
 65.455 Mm   41   3  -0.00027   0.00088    -0.00042  -0.00105
 65.455 Mm   42   3  -0.00045  -0.00122    -0.00127   0.00059
 65.455 Mm   43   3   0.00041  -0.00055     0.00029  -0.00003
 65.455 Mm   44   3   0.00071  -0.00114     0.00011   0.00016
 65.455 Mm   45   3   0.00178  -0.00011     0.00140  -0.00054
 65.455 Mm   46   3  -0.00063   0.00014    -0.00024  -0.00060
 65.455 Mm   47   3   0.00026  -0.00086     0.00041   0.00048
 65.455 Mm   48   3   0.00054   0.00029     0.00076  -0.00022
 65.455 Mm   49   3   0.00034   0.00005     0.00086   0.00007
 65.455 Mm   50   3   0.00013   0.00092     0.00043  -0.00052
 65.455 Mm    4   4   0.08541  -0.28857     0.06701   0.29339
 65.455 Mm    5   4  -0.08878   0.03659    -0.13245  -0.07294
 65.455 Mm    6   4  -0.03041   0.10852    -0.00970  -0.12402
 65.455 Mm    7   4   0.08283   0.00353     0.06967   0.01092
 65.455 Mm    8   4   0.01070  -0.02244     0.01507   0.01730
 65.455 Mm    9   4  -0.04092   0.00459    -0.04091  -0.00994
 65.455 Mm   10   4  -0.02109   0.01913    -0.02582  -0.02765
 65.455 Mm   11   4  -0.00720  -0.01867    -0.00816  -0.01748
 65.455 Mm   12   4  -0.02031  -0.01783    -0.01719   0.00836
 65.455 Mm   13   4  -0.00354  -0.01988    -0.00188   0.01023
 65.455 Mm   14   4  -0.01361  -0.00429    -0.01357  -0.00528
 65.455 Mm   15   4  -0.00569  -0.00566    -0.00014   0.00133
 65.455 Mm   16   4   0.00004  -0.01107     0.00602   0.00496
 65.455 Mm   17   4  -0.00098  -0.00465     0.00939   0.00558
 65.455 Mm   18   4  -0.00398   0.00255     0.00296  -0.00277
 65.455 Mm   19   4   0.00234   0.00383     0.00764  -0.00094
 65.455 Mm   20   4   0.00234  -0.00630     0.00587   0.00704
 65.455 Mm   21   4  -0.00240   0.00166     0.00199  -0.00078
 65.455 Mm   22   4   0.00180  -0.00409     0.00325   0.00607
 65.455 Mm   23   4  -0.00438   0.00608    -0.00268  -0.00484
 65.455 Mm   24   4  -0.00126  -0.00481    -0.00191   0.00658
 65.455 Mm   25   4  -0.00565   0.00554    -0.00499  -0.00526
 65.455 Mm   26   4  -0.00165  -0.00056    -0.00137   0.00269
 65.455 Mm   27   4  -0.00320   0.00449    -0.00262  -0.00396
 65.455 Mm   28   4  -0.00255  -0.00416    -0.00481   0.00369
 65.455 Mm   29   4   0.00004   0.00257     0.00076  -0.00378
 65.455 Mm   30   4  -0.00119  -0.00095    -0.00173   0.00049
 65.455 Mm   31   4   0.00121   0.00254     0.00243  -0.00353
 65.455 Mm   32   4  -0.00355  -0.00218    -0.00481  -0.00005
 65.455 Mm   33   4   0.00336   0.00324     0.00343  -0.00421
 65.455 Mm   34   4  -0.00244  -0.00083    -0.00223  -0.00193
 65.455 Mm   35   4   0.00167   0.00187     0.00232  -0.00241
 65.455 Mm   36   4  -0.00340  -0.00079    -0.00314  -0.00123
 65.455 Mm   37   4   0.00173   0.00163     0.00249  -0.00196
 65.455 Mm   38   4  -0.00097  -0.00022    -0.00090  -0.00064
 65.455 Mm   39   4  -0.00002  -0.00011     0.00097   0.00004
 65.455 Mm   40   4  -0.00034  -0.00088     0.00012   0.00073
 65.455 Mm   41   4   0.00077  -0.00051     0.00131   0.00059
 65.455 Mm   42   4   0.00213  -0.00056     0.00200   0.00064
 65.455 Mm   43   4  -0.00045  -0.00140    -0.00073   0.00192
 65.455 Mm   44   4   0.00115  -0.00069     0.00054   0.00154
 65.455 Mm   45   4  -0.00004  -0.00065    -0.00034   0.00087
 65.455 Mm   46   4   0.00065   0.00051     0.00051   0.00039
 65.455 Mm   47   4  -0.00056  -0.00029    -0.00128   0.00065
 65.455 Mm   48   4  -0.00088  -0.00007    -0.00113   0.00049
 65.455 Mm   49   4  -0.00057   0.00052    -0.00088  -0.00034
 65.455 Mm   50   4  -0.00067  -0.00009    -0.00088  -0.00031
 65.455 Mm    5   5   0.00958  -0.13007    -0.00156   0.12468
 65.455 Mm    6   5  -0.02131   0.02307    -0.00224  -0.02639
 65.455 Mm    7   5  -0.01199   0.05909    -0.01171  -0.02602
 65.455 Mm    8   5  -0.00590  -0.03342    -0.00008   0.01673
 65.455 Mm    9   5   0.00036  -0.00229    -0.00689   0.01767
 65.455 Mm   10   5  -0.01709   0.01297    -0.01768  -0.02942
 65.455 Mm   11   5  -0.00480   0.00754     0.00332  -0.01094
 65.455 Mm   12   5  -0.00627   0.00204     0.00975  -0.01074
 65.455 Mm   13   5  -0.00121   0.00347     0.00634  -0.00785
 65.455 Mm   14   5  -0.01738   0.01149    -0.00329  -0.01535
 65.455 Mm   15   5  -0.00352   0.00661    -0.00380  -0.01338
 65.455 Mm   16   5  -0.01252   0.00129    -0.00445  -0.00789
 65.455 Mm   17   5  -0.00187  -0.00035     0.00402  -0.00296
 65.455 Mm   18   5  -0.01275   0.00138    -0.00939  -0.00104
 65.455 Mm   19   5  -0.00478  -0.00115    -0.00082   0.00024
 65.455 Mm   20   5  -0.01272   0.00286    -0.01291  -0.00605
 65.455 Mm   21   5   0.00200   0.00120     0.00441  -0.00285
 65.455 Mm   22   5  -0.01152  -0.00304    -0.01314  -0.00139
 65.455 Mm   23   5  -0.00256  -0.00194    -0.00372  -0.00126
 65.455 Mm   24   5  -0.01132  -0.00447    -0.01140  -0.00312
 65.455 Mm   25   5   0.00329   0.00021     0.00177  -0.00278
 65.455 Mm   26   5  -0.00482  -0.00335    -0.00483  -0.00240
 65.455 Mm   27   5   0.00092   0.00001    -0.00046  -0.00303
 65.455 Mm   28   5  -0.00634  -0.00147    -0.00569  -0.00345
 65.455 Mm   29   5   0.00397  -0.00118     0.00308  -0.00116
 65.455 Mm   30   5   0.00032  -0.00077     0.00047  -0.00245
 65.455 Mm   31   5  -0.00021  -0.00146    -0.00032  -0.00025
 65.455 Mm   32   5  -0.00313   0.00233    -0.00221  -0.00306
 65.455 Mm   33   5  -0.00034  -0.00081    -0.00027   0.00110
 65.455 Mm   34   5   0.00033   0.00231     0.00172  -0.00095
 65.455 Mm   35   5  -0.00118  -0.00194    -0.00074   0.00227
 65.455 Mm   36   5  -0.00147   0.00316     0.00035  -0.00111
 65.455 Mm   37   5  -0.00028  -0.00062     0.00037   0.00189
 65.455 Mm   38   5   0.00126   0.00124     0.00198   0.00010
 65.455 Mm   39   5   0.00150  -0.00015     0.00140   0.00191
 65.455 Mm   40   5   0.00092   0.00050     0.00096   0.00081
 65.455 Mm   41   5   0.00112   0.00159     0.00131  -0.00022
 65.455 Mm   42   5   0.00124  -0.00102     0.00044   0.00112
 65.455 Mm   43   5   0.00137   0.00053     0.00094  -0.00070
 65.455 Mm   44   5  -0.00006  -0.00134    -0.00155   0.00143
 65.455 Mm   45   5  -0.00008   0.00131    -0.00052  -0.00160
 65.455 Mm   46   5  -0.00130  -0.00166    -0.00250   0.00135
 65.455 Mm   47   5  -0.00011  -0.00053    -0.00044  -0.00009
 65.455 Mm   48   5  -0.00108  -0.00182    -0.00153   0.00119
 65.455 Mm   49   5  -0.00036  -0.00024    -0.00024  -0.00036
 65.455 Mm   50   5  -0.00094  -0.00109    -0.00068  -0.00004
 65.455 Mm    6   6  -0.01075  -0.01868    -0.00582   0.01623
 65.455 Mm    7   6  -0.00566   0.05624     0.00635  -0.03550
 65.455 Mm    8   6   0.01806  -0.01168    -0.00053   0.00523
 65.455 Mm    9   6   0.01065  -0.02563     0.01113   0.01649
 65.455 Mm   10   6   0.01845   0.01240     0.00542  -0.02716
 65.455 Mm   11   6   0.00181   0.01957     0.00236  -0.02849
 65.455 Mm   12   6   0.01053  -0.00384     0.01008   0.00409
 65.455 Mm   13   6   0.00453   0.00456     0.01189  -0.00099
 65.455 Mm   14   6  -0.00942   0.00410    -0.00652  -0.00289
 65.455 Mm   15   6  -0.01458   0.00199    -0.01159  -0.00486
 65.455 Mm   16   6  -0.01023  -0.00131    -0.00280  -0.00418
 65.455 Mm   17   6  -0.00966  -0.00127    -0.00478  -0.00266
 65.455 Mm   18   6  -0.01113  -0.00359    -0.00751  -0.00359
 65.455 Mm   19   6  -0.01450   0.00779    -0.01145  -0.01271
 65.455 Mm   20   6  -0.00719  -0.00226    -0.00539  -0.00527
 65.455 Mm   21   6  -0.00671   0.00261    -0.00309  -0.00798
 65.455 Mm   22   6  -0.00333  -0.00204    -0.00189  -0.00384
 65.455 Mm   23   6  -0.00349   0.00539    -0.00074  -0.01086
 65.455 Mm   24   6  -0.00302  -0.00226    -0.00289   0.00035
 65.455 Mm   25   6  -0.00196  -0.00027    -0.00072  -0.00305
 65.455 Mm   26   6  -0.00402  -0.00256    -0.00205   0.00086
 65.455 Mm   27   6   0.00029   0.00366     0.00179  -0.00356
 65.455 Mm   28   6  -0.00283  -0.00127    -0.00357   0.00142
 65.455 Mm   29   6  -0.00115   0.00413    -0.00075  -0.00170
 65.455 Mm   30   6  -0.00429   0.00110    -0.00431  -0.00150
 65.455 Mm   31   6   0.00074   0.00258     0.00158  -0.00074
 65.455 Mm   32   6  -0.00208  -0.00283    -0.00323   0.00262
 65.455 Mm   33   6   0.00034   0.00095    -0.00046   0.00021
 65.455 Mm   34   6  -0.00213  -0.00165    -0.00267   0.00124
 65.455 Mm   35   6   0.00286   0.00001     0.00207   0.00057
 65.455 Mm   36   6  -0.00012  -0.00220    -0.00125   0.00236
 65.455 Mm   37   6   0.00094   0.00063     0.00007  -0.00009
 65.455 Mm   38   6  -0.00159  -0.00077    -0.00263   0.00026
 65.455 Mm   39   6   0.00165   0.00102     0.00154  -0.00098
 65.455 Mm   40   6  -0.00136  -0.00057    -0.00155  -0.00025
 65.455 Mm   41   6  -0.00038   0.00128     0.00000  -0.00154
 65.455 Mm   42   6  -0.00338   0.00095    -0.00314  -0.00178
 65.455 Mm   43   6  -0.00000   0.00078     0.00078  -0.00136
 65.455 Mm   44   6  -0.00239  -0.00070    -0.00151  -0.00062
 65.455 Mm   45   6  -0.00089  -0.00029     0.00039  -0.00075
 65.455 Mm   46   6  -0.00256  -0.00023    -0.00132  -0.00140
 65.455 Mm   47   6   0.00058  -0.00091     0.00098   0.00044
 65.455 Mm   48   6  -0.00103  -0.00120    -0.00052   0.00060
 65.455 Mm   49   6   0.00056  -0.00098     0.00042   0.00085
 65.455 Mm   50   6  -0.00016  -0.00007    -0.00017  -0.00001
 65.455 Mm    7   7   0.00427   0.04934     0.02529  -0.04258
 65.455 Mm    8   7  -0.02234   0.00236    -0.04055   0.00674
 65.455 Mm    9   7  -0.02502  -0.01907    -0.01477   0.01114
 65.455 Mm   10   7   0.01329   0.00452     0.00624   0.00020
 65.455 Mm   11   7  -0.00387  -0.01597     0.00935   0.00447
 65.455 Mm   12   7  -0.00224   0.00655     0.00289  -0.00066
 65.455 Mm   13   7  -0.00753  -0.00525    -0.00877   0.00131
 65.455 Mm   14   7  -0.00905  -0.00486    -0.00848   0.00580
 65.455 Mm   15   7   0.00150   0.00112    -0.00476  -0.00178
 65.455 Mm   16   7  -0.00182   0.00655    -0.00169  -0.00393
 65.455 Mm   17   7   0.00042   0.00258     0.00350   0.00202
 65.455 Mm   18   7  -0.00235   0.00435    -0.00058  -0.00068
 65.455 Mm   19   7   0.00173   0.00391     0.00616  -0.00299
 65.455 Mm   20   7  -0.00238   0.01199     0.00018  -0.01222
 65.455 Mm   21   7   0.00181   0.00493     0.00603  -0.00580
 65.455 Mm   22   7  -0.00418   0.00499     0.00082  -0.00439
 65.455 Mm   23   7  -0.00074   0.00162     0.00370   0.00057
 65.455 Mm   24   7  -0.00466   0.00548    -0.00113  -0.00728
 65.455 Mm   25   7  -0.00176   0.00239     0.00112  -0.00026
 65.455 Mm   26   7  -0.00352   0.00366    -0.00098  -0.00368
 65.455 Mm   27   7   0.00100  -0.00154     0.00001   0.00321
 65.455 Mm   28   7  -0.00310  -0.00005    -0.00339  -0.00023
 65.455 Mm   29   7  -0.00030   0.00080    -0.00085  -0.00052
 65.455 Mm   30   7   0.00003   0.00249    -0.00037  -0.00090
 65.455 Mm   31   7   0.00281   0.00006     0.00147  -0.00012
 65.455 Mm   32   7   0.00246  -0.00018     0.00195   0.00104
 65.455 Mm   33   7   0.00180   0.00139     0.00214  -0.00108
 65.455 Mm   34   7   0.00328   0.00048     0.00366  -0.00038
 65.455 Mm   35   7   0.00146   0.00081     0.00257  -0.00053
 65.455 Mm   36   7   0.00241  -0.00036     0.00333   0.00050
 65.455 Mm   37   7  -0.00016   0.00192     0.00184  -0.00168
 65.455 Mm   38   7   0.00053   0.00040     0.00187   0.00014
 65.455 Mm   39   7  -0.00076   0.00105     0.00069  -0.00096
 65.455 Mm   40   7  -0.00084   0.00006     0.00092  -0.00022
 65.455 Mm   41   7  -0.00210   0.00082    -0.00032  -0.00119
 65.455 Mm   42   7  -0.00158  -0.00028    -0.00029   0.00028
 65.455 Mm   43   7  -0.00156  -0.00012    -0.00080  -0.00057
 65.455 Mm   44   7  -0.00157   0.00044    -0.00060  -0.00075
 65.455 Mm   45   7  -0.00120   0.00023    -0.00013  -0.00112
 65.455 Mm   46   7  -0.00110  -0.00004    -0.00044  -0.00070
 65.455 Mm   47   7  -0.00035   0.00063    -0.00001  -0.00117
 65.455 Mm   48   7  -0.00062   0.00050    -0.00044  -0.00115
 65.455 Mm   49   7  -0.00028   0.00109    -0.00043  -0.00158
 65.455 Mm   50   7  -0.00072  -0.00044    -0.00112  -0.00039
 65.455 Mm    8   8   0.02747   0.03736     0.02605  -0.03483
 65.455 Mm    9   8  -0.01041  -0.00387    -0.01739   0.00479
 65.455 Mm   10   8  -0.02625   0.00592    -0.02109  -0.00390
 65.455 Mm   11   8   0.00391   0.00038     0.00242   0.00211
 65.455 Mm   12   8   0.00555  -0.00356     0.01092   0.00954
 65.455 Mm   13   8  -0.00455  -0.00058    -0.00172  -0.00324
 65.455 Mm   14   8  -0.02028   0.00330    -0.02158  -0.00547
 65.455 Mm   15   8  -0.00242  -0.00652    -0.00693   0.00058
 65.455 Mm   16   8   0.00191  -0.00201    -0.00003  -0.00428
 65.455 Mm   17   8  -0.00375  -0.00149    -0.00599  -0.00386
 65.455 Mm   18   8  -0.00739  -0.00198    -0.01086   0.00188
 65.455 Mm   19   8  -0.00436  -0.00441    -0.00988   0.00187
 65.455 Mm   20   8  -0.00249  -0.00139    -0.00386  -0.00184
 65.455 Mm   21   8  -0.00030  -0.00232    -0.00208  -0.00106
 65.455 Mm   22   8  -0.00037  -0.00220     0.00166   0.00021
 65.455 Mm   23   8  -0.00123  -0.00373    -0.00203   0.00146
 65.455 Mm   24   8  -0.00025   0.00221     0.00228  -0.00278
 65.455 Mm   25   8   0.00207  -0.00101     0.00362   0.00007
 65.455 Mm   26   8  -0.00185   0.00174     0.00015  -0.00206
 65.455 Mm   27   8  -0.00068  -0.00154     0.00098   0.00044
 65.455 Mm   28   8   0.00185   0.00546     0.00267  -0.00443
 65.455 Mm   29   8   0.00001   0.00143     0.00218  -0.00137
 65.455 Mm   30   8  -0.00404   0.00212    -0.00215  -0.00271
 65.455 Mm   31   8  -0.00263   0.00185     0.00025  -0.00240
 65.455 Mm   32   8  -0.00149   0.00457     0.00208  -0.00419
 65.455 Mm   33   8   0.00109   0.00376     0.00321  -0.00321
 65.455 Mm   34   8  -0.00283   0.00254     0.00076  -0.00297
 65.455 Mm   35   8  -0.00033   0.00368     0.00259  -0.00312
 65.455 Mm   36   8  -0.00064   0.00211     0.00225  -0.00184
 65.455 Mm   37   8   0.00040   0.00177     0.00325  -0.00097
 65.455 Mm   38   8  -0.00119   0.00023     0.00044  -0.00002
 65.455 Mm   39   8  -0.00047   0.00155     0.00126  -0.00117
 65.455 Mm   40   8  -0.00000   0.00021     0.00125  -0.00015
 65.455 Mm   41   8   0.00049  -0.00016     0.00049   0.00014
 65.455 Mm   42   8  -0.00005   0.00040     0.00010  -0.00028
 65.455 Mm   43   8  -0.00098  -0.00002    -0.00136  -0.00014
 65.455 Mm   44   8   0.00053   0.00154     0.00075  -0.00155
 65.455 Mm   45   8  -0.00061  -0.00058    -0.00112   0.00000
 65.455 Mm   46   8   0.00032   0.00143     0.00053  -0.00195
 65.455 Mm   47   8  -0.00081  -0.00001    -0.00113  -0.00055
 65.455 Mm   48   8  -0.00025   0.00103     0.00004  -0.00123
 65.455 Mm   49   8  -0.00108  -0.00071    -0.00120  -0.00012
 65.455 Mm   50   8  -0.00093  -0.00004    -0.00062  -0.00070
 65.455 Mm    9   9   0.02169   0.02405     0.01221  -0.02441
 65.455 Mm   10   9  -0.02236  -0.00341    -0.01902   0.00190
 65.455 Mm   11   9   0.00558   0.00698     0.00215  -0.00128
 65.455 Mm   12   9   0.00786   0.00094     0.01183  -0.00100
 65.455 Mm   13   9   0.00652   0.00730     0.00057  -0.00548
 65.455 Mm   14   9   0.00119  -0.00381     0.00319   0.00125
 65.455 Mm   15   9  -0.00071   0.01362    -0.00135  -0.01357
 65.455 Mm   16   9   0.00141   0.00920     0.00612  -0.01099
 65.455 Mm   17   9   0.00537   0.00351     0.01110  -0.00733
 65.455 Mm   18   9  -0.00184  -0.00555     0.00188   0.00123
 65.455 Mm   19   9  -0.00745   0.00195    -0.00382  -0.00643
 65.455 Mm   20   9   0.00135   0.00617     0.00273  -0.01003
 65.455 Mm   21   9   0.00262   0.00075     0.00388  -0.00223
 65.455 Mm   22   9   0.00221  -0.00573     0.00423   0.00392
 65.455 Mm   23   9  -0.00462   0.00045    -0.00178  -0.00119
 65.455 Mm   24   9  -0.00079   0.00032     0.00140  -0.00151
 65.455 Mm   25   9  -0.00066   0.00423     0.00165  -0.00466
 65.455 Mm   26   9   0.00087  -0.00093     0.00198   0.00132
 65.455 Mm   27   9  -0.00274  -0.00030    -0.00221   0.00138
 65.455 Mm   28   9   0.00054  -0.00276     0.00023   0.00458
 65.455 Mm   29   9  -0.00010   0.00171    -0.00029  -0.00227
 65.455 Mm   30   9   0.00233  -0.00089     0.00277   0.00157
 65.455 Mm   31   9   0.00224  -0.00044     0.00209   0.00167
 65.455 Mm   32   9   0.00133  -0.00223     0.00132   0.00353
 65.455 Mm   33   9   0.00086   0.00140     0.00165  -0.00093
 65.455 Mm   34   9   0.00058   0.00276     0.00171  -0.00193
 65.455 Mm   35   9   0.00260   0.00170     0.00321  -0.00028
 65.455 Mm   36   9  -0.00090   0.00106    -0.00003  -0.00070
 65.455 Mm   37   9   0.00153  -0.00041     0.00167   0.00095
 65.455 Mm   38   9  -0.00106   0.00206    -0.00033  -0.00229
 65.455 Mm   39   9   0.00180  -0.00030     0.00157   0.00035
 65.455 Mm   40   9  -0.00243   0.00065    -0.00175  -0.00196
 65.455 Mm   41   9  -0.00050  -0.00251    -0.00074   0.00158
 65.455 Mm   42   9  -0.00138   0.00026    -0.00107  -0.00204
 65.455 Mm   43   9  -0.00028  -0.00184    -0.00095   0.00050
 65.455 Mm   44   9  -0.00191  -0.00020    -0.00171  -0.00154
 65.455 Mm   45   9  -0.00250  -0.00267    -0.00254   0.00067
 65.455 Mm   46   9  -0.00137  -0.00074    -0.00084  -0.00057
 65.455 Mm   47   9  -0.00139  -0.00140    -0.00132   0.00026
 65.455 Mm   48   9  -0.00104  -0.00018    -0.00068  -0.00041
 65.455 Mm   49   9  -0.00244  -0.00055    -0.00250  -0.00005
 65.455 Mm   50   9  -0.00024  -0.00007    -0.00008  -0.00002
 65.455 Mm   10  10  -0.01513   0.00518    -0.01944  -0.01372
 65.455 Mm   11  10  -0.01965  -0.01547    -0.01475   0.02020
 65.455 Mm   12  10   0.01317  -0.00072     0.01153  -0.00037
 65.455 Mm   13  10  -0.00339   0.00720    -0.00274  -0.00714
 65.455 Mm   14  10  -0.00066  -0.00882     0.00168   0.00546
 65.455 Mm   15  10  -0.00155  -0.00484     0.00081   0.01040
 65.455 Mm   16  10   0.00168   0.00338     0.00303  -0.00225
 65.455 Mm   17  10  -0.00717   0.00466    -0.00475  -0.00005
 65.455 Mm   18  10  -0.00049  -0.00425     0.00060   0.00559
 65.455 Mm   19  10  -0.00633  -0.00260    -0.00396   0.00685
 65.455 Mm   20  10  -0.00854   0.00195    -0.00751  -0.00067
 65.455 Mm   21  10  -0.00415   0.00104    -0.00104  -0.00141
 65.455 Mm   22  10   0.00178  -0.00054     0.00194   0.00250
 65.455 Mm   23  10   0.00068  -0.00639    -0.00063   0.00621
 65.455 Mm   24  10  -0.00339  -0.00262    -0.00572   0.00408
 65.455 Mm   25  10  -0.00053  -0.00121    -0.00132  -0.00007
 65.455 Mm   26  10   0.00245  -0.00371     0.00114   0.00296
 65.455 Mm   27  10   0.00376  -0.00649     0.00135   0.00518
 65.455 Mm   28  10   0.00076  -0.00467    -0.00094   0.00327
 65.455 Mm   29  10   0.00166  -0.00332    -0.00086   0.00227
 65.455 Mm   30  10   0.00228  -0.00395    -0.00038   0.00104
 65.455 Mm   31  10   0.00261  -0.00406    -0.00041   0.00346
 65.455 Mm   32  10   0.00125  -0.00166    -0.00133   0.00104
 65.455 Mm   33  10   0.00179  -0.00160    -0.00067   0.00283
 65.455 Mm   34  10   0.00084  -0.00017    -0.00097   0.00094
 65.455 Mm   35  10   0.00150  -0.00097    -0.00011   0.00226
 65.455 Mm   36  10   0.00046   0.00132     0.00018   0.00014
 65.455 Mm   37  10   0.00124  -0.00079     0.00028   0.00282
 65.455 Mm   38  10   0.00152   0.00028     0.00087   0.00141
 65.455 Mm   39  10   0.00079  -0.00102     0.00050   0.00187
 65.455 Mm   40  10   0.00061   0.00098     0.00109  -0.00037
 65.455 Mm   41  10   0.00016  -0.00091     0.00036   0.00139
 65.455 Mm   42  10  -0.00086  -0.00069    -0.00017   0.00068
 65.455 Mm   43  10  -0.00162  -0.00110    -0.00120   0.00067
 65.455 Mm   44  10  -0.00118   0.00064    -0.00080  -0.00164
 65.455 Mm   45  10  -0.00071  -0.00046    -0.00069  -0.00048
 65.455 Mm   46  10  -0.00181  -0.00125    -0.00185   0.00054
 65.455 Mm   47  10  -0.00108  -0.00045    -0.00125  -0.00016
 65.455 Mm   48  10  -0.00082  -0.00032    -0.00102  -0.00028
 65.455 Mm   49  10   0.00032   0.00029    -0.00019  -0.00048
 65.455 Mm   50  10  -0.00049  -0.00089    -0.00116   0.00024
 65.455 Mm   11  11  -0.00023   0.00321     0.00077  -0.00603
 65.455 Mm   12  11  -0.00481  -0.00864    -0.00533   0.01134
 65.455 Mm   13  11   0.00066   0.00516    -0.00035  -0.00180
 65.455 Mm   14  11   0.00432   0.00739     0.00123  -0.00819
 65.455 Mm   15  11  -0.00238   0.00038     0.00303   0.00441
 65.455 Mm   16  11  -0.00012  -0.00226    -0.00372   0.00155
 65.455 Mm   17  11   0.00033   0.00063    -0.00061   0.00278
 65.455 Mm   18  11   0.00693   0.00375     0.00218  -0.00341
 65.455 Mm   19  11   0.00833  -0.00031     0.00554   0.00164
 65.455 Mm   20  11   0.00008   0.00407    -0.00104  -0.00244
 65.455 Mm   21  11   0.00306   0.00451     0.00237  -0.00170
 65.455 Mm   22  11   0.00656  -0.00137     0.00517   0.00257
 65.455 Mm   23  11   0.00412  -0.00626     0.00312   0.00520
 65.455 Mm   24  11   0.00108  -0.00155     0.00006   0.00051
 65.455 Mm   25  11   0.00160   0.00166     0.00005  -0.00198
 65.455 Mm   26  11   0.00119  -0.00206    -0.00018   0.00206
 65.455 Mm   27  11  -0.00087  -0.00513    -0.00102   0.00321
 65.455 Mm   28  11  -0.00385  -0.00151    -0.00224   0.00144
 65.455 Mm   29  11  -0.00241  -0.00035    -0.00221  -0.00203
 65.455 Mm   30  11  -0.00400   0.00025    -0.00233  -0.00217
 65.455 Mm   31  11  -0.00202  -0.00155    -0.00081   0.00047
 65.455 Mm   32  11  -0.00221  -0.00137    -0.00165  -0.00037
 65.455 Mm   33  11  -0.00173  -0.00264    -0.00112   0.00168
 65.455 Mm   34  11  -0.00214  -0.00055    -0.00173  -0.00064
 65.455 Mm   35  11   0.00111  -0.00225     0.00148   0.00202
 65.455 Mm   36  11   0.00059  -0.00176     0.00061   0.00112
 65.455 Mm   37  11   0.00181  -0.00287     0.00114   0.00259
 65.455 Mm   38  11  -0.00117   0.00031    -0.00118  -0.00100
 65.455 Mm   39  11   0.00084  -0.00020     0.00014  -0.00017
 65.455 Mm   40  11  -0.00051   0.00104    -0.00032  -0.00165
 65.455 Mm   41  11   0.00058  -0.00142     0.00032   0.00052
 65.455 Mm   42  11  -0.00184   0.00139    -0.00155  -0.00210
 65.455 Mm   43  11  -0.00091   0.00058    -0.00047  -0.00097
 65.455 Mm   44  11  -0.00190   0.00176    -0.00154  -0.00231
 65.455 Mm   45  11  -0.00059   0.00028     0.00014  -0.00112
 65.455 Mm   46  11  -0.00185   0.00055    -0.00103  -0.00117
 65.455 Mm   47  11  -0.00045   0.00044     0.00033  -0.00054
 65.455 Mm   48  11  -0.00123   0.00068    -0.00031  -0.00073
 65.455 Mm   49  11  -0.00046   0.00039    -0.00006  -0.00034
 65.455 Mm   50  11  -0.00024   0.00072     0.00050  -0.00078
 65.455 Mm   12  12   0.02064   0.01845     0.02011  -0.01806
 65.455 Mm   13  12   0.00529   0.00365     0.00385   0.00100
 65.455 Mm   14  12   0.00027   0.00484     0.00122  -0.00470
 65.455 Mm   15  12   0.00566   0.00491     0.00618  -0.00374
 65.455 Mm   16  12  -0.00545  -0.00558    -0.00386   0.00620
 65.455 Mm   17  12   0.00019  -0.00014    -0.00443  -0.00089
 65.455 Mm   18  12   0.00220  -0.00193     0.00026   0.00223
 65.455 Mm   19  12   0.00453   0.00484     0.00247  -0.00638
 65.455 Mm   20  12   0.00001  -0.00122    -0.00040   0.00007
 65.455 Mm   21  12   0.00217  -0.00164     0.00001   0.00097
 65.455 Mm   22  12  -0.00249  -0.00126    -0.00631   0.00052
 65.455 Mm   23  12  -0.00153  -0.00303    -0.00488   0.00329
 65.455 Mm   24  12  -0.00071  -0.00785    -0.00216   0.00578
 65.455 Mm   25  12  -0.00434  -0.00404    -0.00578   0.00317
 65.455 Mm   26  12  -0.00260  -0.00321    -0.00359   0.00064
 65.455 Mm   27  12  -0.00090  -0.00497    -0.00257   0.00343
 65.455 Mm   28  12  -0.00170  -0.00674    -0.00420   0.00553
 65.455 Mm   29  12  -0.00451  -0.00374    -0.00523   0.00147
 65.455 Mm   30  12  -0.00220  -0.00021    -0.00316  -0.00035
 65.455 Mm   31  12  -0.00028  -0.00075    -0.00093   0.00013
 65.455 Mm   32  12  -0.00088  -0.00340    -0.00100   0.00363
 65.455 Mm   33  12  -0.00095  -0.00062    -0.00189   0.00070
 65.455 Mm   34  12   0.00167  -0.00125     0.00042   0.00192
 65.455 Mm   35  12   0.00178   0.00068     0.00025   0.00025
 65.455 Mm   36  12   0.00278  -0.00169     0.00074   0.00293
 65.455 Mm   37  12   0.00132   0.00087    -0.00002   0.00068
 65.455 Mm   38  12   0.00266  -0.00134     0.00049   0.00305
 65.455 Mm   39  12   0.00103   0.00138    -0.00010  -0.00003
 65.455 Mm   40  12   0.00083   0.00013    -0.00023   0.00113
 65.455 Mm   41  12   0.00015   0.00163     0.00026  -0.00056
 65.455 Mm   42  12   0.00099  -0.00018     0.00098   0.00175
 65.455 Mm   43  12  -0.00023   0.00065     0.00033   0.00022
 65.455 Mm   44  12  -0.00038   0.00108     0.00047  -0.00006
 65.455 Mm   45  12   0.00018   0.00196     0.00101  -0.00135
 65.455 Mm   46  12  -0.00013   0.00082     0.00110  -0.00003
 65.455 Mm   47  12  -0.00035   0.00083     0.00069  -0.00020
 65.455 Mm   48  12  -0.00099   0.00156     0.00011  -0.00096
 65.455 Mm   49  12   0.00013   0.00181     0.00079  -0.00134
 65.455 Mm   50  12   0.00005   0.00135     0.00074  -0.00092
 65.455 Mm   13  13   0.01337   0.00970     0.00963  -0.00652
 65.455 Mm   14  13   0.00243   0.01174     0.00339  -0.01445
 65.455 Mm   15  13  -0.00266   0.01009    -0.00069  -0.00934
 65.455 Mm   16  13  -0.00026  -0.01006     0.00001   0.00856
 65.455 Mm   17  13  -0.00162  -0.00888    -0.00529   0.00846
 65.455 Mm   18  13   0.00315  -0.00000     0.00404   0.00033
 65.455 Mm   19  13   0.00033   0.00384     0.00234  -0.00504
 65.455 Mm   20  13   0.00001  -0.00387     0.00056   0.00280
 65.455 Mm   21  13  -0.00489  -0.00193    -0.00284   0.00170
 65.455 Mm   22  13   0.00293  -0.00385     0.00185   0.00257
 65.455 Mm   23  13  -0.00161  -0.00473    -0.00343   0.00225
 65.455 Mm   24  13  -0.00381  -0.00370    -0.00377  -0.00007
 65.455 Mm   25  13  -0.00356  -0.00129    -0.00219  -0.00200
 65.455 Mm   26  13  -0.00253   0.00017    -0.00141  -0.00128
 65.455 Mm   27  13  -0.00351  -0.00247    -0.00168   0.00006
 65.455 Mm   28  13  -0.00453  -0.00070    -0.00378  -0.00232
 65.455 Mm   29  13  -0.00452   0.00071    -0.00227  -0.00238
 65.455 Mm   30  13  -0.00309   0.00233    -0.00157  -0.00443
 65.455 Mm   31  13  -0.00159   0.00325     0.00031  -0.00455
 65.455 Mm   32  13  -0.00355   0.00285    -0.00076  -0.00435
 65.455 Mm   33  13  -0.00196   0.00138    -0.00042  -0.00236
 65.455 Mm   34  13  -0.00155   0.00206     0.00020  -0.00294
 65.455 Mm   35  13  -0.00065   0.00154     0.00054  -0.00158
 65.455 Mm   36  13  -0.00053   0.00045     0.00012  -0.00104
 65.455 Mm   37  13  -0.00113  -0.00156    -0.00087   0.00132
 65.455 Mm   38  13  -0.00135  -0.00130    -0.00134   0.00050
 65.455 Mm   39  13  -0.00069  -0.00215    -0.00057   0.00140
 65.455 Mm   40  13  -0.00036  -0.00088     0.00011   0.00062
 65.455 Mm   41  13   0.00023  -0.00173     0.00033   0.00119
 65.455 Mm   42  13   0.00034  -0.00050     0.00066   0.00046
 65.455 Mm   43  13  -0.00059  -0.00034    -0.00011   0.00058
 65.455 Mm   44  13   0.00105   0.00160     0.00165  -0.00116
 65.455 Mm   45  13   0.00080   0.00127     0.00121  -0.00088
 65.455 Mm   46  13   0.00183   0.00139     0.00232  -0.00086
 65.455 Mm   47  13   0.00048   0.00097     0.00076  -0.00049
 65.455 Mm   48  13   0.00100   0.00166     0.00164  -0.00086
 65.455 Mm   49  13   0.00013   0.00059     0.00000   0.00000
 65.455 Mm   50  13   0.00155   0.00144     0.00178  -0.00098
 65.455 Mm   14  14   0.00326  -0.00105     0.00197  -0.00034
 65.455 Mm   15  14  -0.00580   0.00515    -0.00575  -0.00902
 65.455 Mm   16  14  -0.00966   0.00363    -0.00887  -0.00282
 65.455 Mm   17  14   0.00279  -0.00682    -0.00052   0.00592
 65.455 Mm   18  14   0.00176   0.00389     0.00237  -0.00071
 65.455 Mm   19  14   0.00400   0.00529     0.00279  -0.00352
 65.455 Mm   20  14   0.00047  -0.00090     0.00062  -0.00053
 65.455 Mm   21  14  -0.00097  -0.00191    -0.00142   0.00209
 65.455 Mm   22  14  -0.00046   0.00369    -0.00192  -0.00383
 65.455 Mm   23  14  -0.00013   0.00033     0.00028  -0.00085
 65.455 Mm   24  14   0.00210   0.00393     0.00317  -0.00509
 65.455 Mm   25  14  -0.00015   0.00007     0.00226  -0.00136
 65.455 Mm   26  14  -0.00069   0.00087     0.00094  -0.00184
 65.455 Mm   27  14  -0.00066   0.00138     0.00041  -0.00226
 65.455 Mm   28  14  -0.00039   0.00143     0.00106  -0.00143
 65.455 Mm   29  14  -0.00043   0.00006     0.00108   0.00037
 65.455 Mm   30  14  -0.00021  -0.00017     0.00177   0.00032
 65.455 Mm   31  14   0.00106   0.00275     0.00293  -0.00095
 65.455 Mm   32  14  -0.00016   0.00076     0.00191  -0.00039
 65.455 Mm   33  14  -0.00123  -0.00027     0.00000   0.00088
 65.455 Mm   34  14  -0.00048   0.00139     0.00029  -0.00039
 65.455 Mm   35  14   0.00108   0.00226     0.00162  -0.00141
 65.455 Mm   36  14   0.00011   0.00232     0.00012  -0.00116
 65.455 Mm   37  14  -0.00050  -0.00076    -0.00071   0.00103
 65.455 Mm   38  14  -0.00102   0.00100    -0.00122  -0.00052
 65.455 Mm   39  14   0.00129  -0.00009     0.00066  -0.00036
 65.455 Mm   40  14   0.00052   0.00126     0.00033  -0.00132
 65.455 Mm   41  14   0.00143   0.00008     0.00091   0.00014
 65.455 Mm   42  14  -0.00011   0.00110    -0.00005  -0.00120
 65.455 Mm   43  14   0.00196   0.00003     0.00118   0.00070
 65.455 Mm   44  14   0.00086   0.00127     0.00036  -0.00089
 65.455 Mm   45  14   0.00195  -0.00027     0.00103   0.00109
 65.455 Mm   46  14   0.00110   0.00123     0.00035  -0.00030
 65.455 Mm   47  14   0.00186  -0.00089     0.00115   0.00172
 65.455 Mm   48  14   0.00034  -0.00028    -0.00035   0.00090
 65.455 Mm   49  14   0.00133  -0.00062     0.00032   0.00152
 65.455 Mm   50  14   0.00034  -0.00001    -0.00046   0.00022
 65.455 Mm   15  15  -0.00175   0.00067    -0.00266  -0.00401
 65.455 Mm   16  15   0.00472  -0.00489     0.00530   0.00338
 65.455 Mm   17  15  -0.00218  -0.00628    -0.00607   0.00792
 65.455 Mm   18  15   0.00065  -0.00017     0.00271  -0.00160
 65.455 Mm   19  15   0.00239   0.01020     0.00218  -0.01090
 65.455 Mm   20  15  -0.00262  -0.00040    -0.00010   0.00040
 65.455 Mm   21  15   0.00480  -0.00333     0.00319   0.00417
 65.455 Mm   22  15  -0.00150  -0.00538    -0.00218   0.00473
 65.455 Mm   23  15   0.00280   0.00057     0.00186  -0.00167
 65.455 Mm   24  15  -0.00130   0.00137    -0.00068  -0.00248
 65.455 Mm   25  15  -0.00049  -0.00008     0.00158   0.00047
 65.455 Mm   26  15  -0.00230  -0.00060    -0.00029   0.00220
 65.455 Mm   27  15  -0.00061  -0.00173     0.00075   0.00344
 65.455 Mm   28  15  -0.00260  -0.00170    -0.00225   0.00235
 65.455 Mm   29  15  -0.00405  -0.00140    -0.00315   0.00196
 65.455 Mm   30  15  -0.00027  -0.00004     0.00082   0.00160
 65.455 Mm   31  15   0.00057   0.00150     0.00125   0.00049
 65.455 Mm   32  15   0.00025   0.00046    -0.00023   0.00047
 65.455 Mm   33  15  -0.00144   0.00047    -0.00117   0.00097
 65.455 Mm   34  15   0.00094   0.00129     0.00063  -0.00059
 65.455 Mm   35  15   0.00123   0.00245     0.00230  -0.00150
 65.455 Mm   36  15   0.00248   0.00228     0.00245  -0.00214
 65.455 Mm   37  15   0.00098   0.00124     0.00155  -0.00180
 65.455 Mm   38  15   0.00069   0.00100     0.00108  -0.00140
 65.455 Mm   39  15   0.00066   0.00123     0.00185  -0.00165
 65.455 Mm   40  15   0.00153   0.00070     0.00313  -0.00090
 65.455 Mm   41  15   0.00082   0.00130     0.00195  -0.00181
 65.455 Mm   42  15  -0.00077   0.00022     0.00148  -0.00028
 65.455 Mm   43  15  -0.00097   0.00097     0.00038  -0.00080
 65.455 Mm   44  15  -0.00035   0.00016     0.00104  -0.00015
 65.455 Mm   45  15  -0.00031   0.00058     0.00066  -0.00035
 65.455 Mm   46  15   0.00071  -0.00042     0.00095   0.00056
 65.455 Mm   47  15  -0.00034  -0.00030    -0.00018   0.00004
 65.455 Mm   48  15  -0.00049  -0.00051    -0.00036   0.00050
 65.455 Mm   49  15   0.00021  -0.00038     0.00009   0.00000
 65.455 Mm   50  15   0.00115  -0.00029     0.00073   0.00023
 65.455 Mm   16  16   0.00680   0.00776     0.00592  -0.00652
 65.455 Mm   17  16   0.01045  -0.00022     0.00944   0.00108
 65.455 Mm   18  16   0.00178  -0.00581     0.00010   0.00540
 65.455 Mm   19  16   0.00025  -0.00082     0.00241   0.00089
 65.455 Mm   20  16   0.00180  -0.00033    -0.00014  -0.00121
 65.455 Mm   21  16  -0.00545  -0.00011    -0.00452  -0.00119
 65.455 Mm   22  16  -0.00056  -0.00075     0.00014   0.00054
 65.455 Mm   23  16   0.00184  -0.00069     0.00247   0.00232
 65.455 Mm   24  16   0.00323  -0.00354     0.00307   0.00218
 65.455 Mm   25  16  -0.00142   0.00112    -0.00021  -0.00147
 65.455 Mm   26  16  -0.00002  -0.00238     0.00010   0.00286
 65.455 Mm   27  16   0.00051   0.00077    -0.00021   0.00041
 65.455 Mm   28  16   0.00130   0.00098     0.00078  -0.00042
 65.455 Mm   29  16   0.00235   0.00060     0.00156   0.00017
 65.455 Mm   30  16   0.00226  -0.00134     0.00151   0.00215
 65.455 Mm   31  16   0.00115  -0.00036     0.00026   0.00062
 65.455 Mm   32  16   0.00220   0.00079     0.00068  -0.00079
 65.455 Mm   33  16   0.00193  -0.00181     0.00074   0.00161
 65.455 Mm   34  16   0.00221  -0.00074     0.00010   0.00171
 65.455 Mm   35  16   0.00178  -0.00069     0.00119   0.00055
 65.455 Mm   36  16   0.00151  -0.00000     0.00083   0.00042
 65.455 Mm   37  16   0.00199  -0.00216     0.00170   0.00150
 65.455 Mm   38  16   0.00047  -0.00100     0.00049   0.00059
 65.455 Mm   39  16   0.00013  -0.00041    -0.00012   0.00018
 65.455 Mm   40  16   0.00103   0.00019     0.00098   0.00038
 65.455 Mm   41  16   0.00078  -0.00025     0.00093   0.00109
 65.455 Mm   42  16   0.00050   0.00004     0.00055   0.00107
 65.455 Mm   43  16  -0.00006   0.00029     0.00027   0.00134
 65.455 Mm   44  16   0.00127   0.00101     0.00111   0.00031
 65.455 Mm   45  16   0.00172   0.00076     0.00151   0.00094
 65.455 Mm   46  16   0.00222   0.00058     0.00188   0.00073
 65.455 Mm   47  16   0.00134   0.00052     0.00078   0.00045
 65.455 Mm   48  16   0.00142   0.00047     0.00112   0.00026
 65.455 Mm   49  16   0.00034   0.00050    -0.00034  -0.00002
 65.455 Mm   50  16   0.00082   0.00044     0.00042  -0.00003
 65.455 Mm   17  17   0.00400   0.01393     0.00472  -0.01193
 65.455 Mm   18  17   0.00510   0.00086     0.00365  -0.00115
 65.455 Mm   19  17  -0.00315  -0.00060    -0.00177  -0.00075
 65.455 Mm   20  17   0.00213  -0.00071     0.00101   0.00200
 65.455 Mm   21  17   0.00117  -0.00267     0.00262   0.00478
 65.455 Mm   22  17  -0.00304   0.00182    -0.00456  -0.00091
 65.455 Mm   23  17  -0.00326   0.00091    -0.00281  -0.00050
 65.455 Mm   24  17   0.00023   0.00376     0.00071  -0.00335
 65.455 Mm   25  17   0.00199  -0.00079     0.00224   0.00139
 65.455 Mm   26  17   0.00061  -0.00016     0.00070   0.00038
 65.455 Mm   27  17  -0.00307  -0.00096    -0.00346   0.00124
 65.455 Mm   28  17  -0.00090   0.00186    -0.00196  -0.00296
 65.455 Mm   29  17  -0.00077   0.00085    -0.00078  -0.00063
 65.455 Mm   30  17   0.00126   0.00056     0.00044  -0.00053
 65.455 Mm   31  17  -0.00166  -0.00053    -0.00187   0.00104
 65.455 Mm   32  17  -0.00082  -0.00148    -0.00227   0.00127
 65.455 Mm   33  17   0.00008  -0.00214    -0.00126   0.00123
 65.455 Mm   34  17  -0.00111  -0.00246    -0.00082   0.00151
 65.455 Mm   35  17   0.00014  -0.00167    -0.00021   0.00043
 65.455 Mm   36  17  -0.00043  -0.00145    -0.00040   0.00084
 65.455 Mm   37  17   0.00030  -0.00201    -0.00033   0.00072
 65.455 Mm   38  17  -0.00184  -0.00205    -0.00102   0.00116
 65.455 Mm   39  17  -0.00091  -0.00106    -0.00032   0.00001
 65.455 Mm   40  17  -0.00051  -0.00037     0.00058  -0.00025
 65.455 Mm   41  17  -0.00014  -0.00070     0.00008  -0.00006
 65.455 Mm   42  17   0.00011  -0.00110     0.00061   0.00034
 65.455 Mm   43  17  -0.00017  -0.00046     0.00015   0.00036
 65.455 Mm   44  17   0.00056  -0.00053     0.00017   0.00045
 65.455 Mm   45  17   0.00129  -0.00077     0.00080   0.00092
 65.455 Mm   46  17   0.00096  -0.00031     0.00012   0.00044
 65.455 Mm   47  17   0.00074  -0.00065     0.00032   0.00054
 65.455 Mm   48  17  -0.00002  -0.00070    -0.00061   0.00051
 65.455 Mm   49  17   0.00025  -0.00136    -0.00060   0.00124
 65.455 Mm   50  17  -0.00001  -0.00085    -0.00046   0.00037
 65.455 Mm   18  18  -0.00362   0.00182    -0.00528  -0.00343
 65.455 Mm   19  18   0.00086  -0.00375     0.00155   0.00114
 65.455 Mm   20  18   0.00233   0.00072     0.00244  -0.00003
 65.455 Mm   21  18  -0.00062   0.00225    -0.00234  -0.00287
 65.455 Mm   22  18  -0.00260   0.00015    -0.00128   0.00022
 65.455 Mm   23  18   0.00348   0.00079     0.00249  -0.00139
 65.455 Mm   24  18  -0.00066  -0.00018    -0.00087   0.00148
 65.455 Mm   25  18   0.00135  -0.00226     0.00146   0.00026
 65.455 Mm   26  18  -0.00094   0.00086    -0.00051  -0.00037
 65.455 Mm   27  18   0.00181   0.00034     0.00305  -0.00030
 65.455 Mm   28  18  -0.00147   0.00014    -0.00147   0.00015
 65.455 Mm   29  18   0.00187  -0.00105     0.00214   0.00010
 65.455 Mm   30  18   0.00025  -0.00013     0.00092  -0.00029
 65.455 Mm   31  18   0.00007  -0.00241     0.00042   0.00238
 65.455 Mm   32  18  -0.00051  -0.00242    -0.00088   0.00129
 65.455 Mm   33  18   0.00098  -0.00080     0.00075   0.00068
 65.455 Mm   34  18   0.00106  -0.00135     0.00132   0.00066
 65.455 Mm   35  18  -0.00021  -0.00214    -0.00027   0.00165
 65.455 Mm   36  18  -0.00040  -0.00229    -0.00031   0.00171
 65.455 Mm   37  18   0.00000   0.00034     0.00034  -0.00084
 65.455 Mm   38  18  -0.00031  -0.00046     0.00018  -0.00013
 65.455 Mm   39  18  -0.00097   0.00005    -0.00038   0.00020
 65.455 Mm   40  18  -0.00038   0.00018     0.00007  -0.00020
 65.455 Mm   41  18  -0.00079   0.00066    -0.00032  -0.00064
 65.455 Mm   42  18  -0.00039  -0.00007     0.00030   0.00000
 65.455 Mm   43  18  -0.00058  -0.00006    -0.00027   0.00012
 65.455 Mm   44  18  -0.00077   0.00004    -0.00057   0.00006
 65.455 Mm   45  18  -0.00012  -0.00015    -0.00018   0.00022
 65.455 Mm   46  18   0.00032  -0.00124    -0.00006   0.00128
 65.455 Mm   47  18  -0.00033  -0.00112    -0.00053   0.00072
 65.455 Mm   48  18  -0.00081  -0.00115    -0.00142   0.00070
 65.455 Mm   49  18  -0.00037  -0.00048    -0.00069   0.00004
 65.455 Mm   50  18   0.00032  -0.00114    -0.00031   0.00097
 65.455 Mm   19  19  -0.00099  -0.00113    -0.00256   0.00008
 65.455 Mm   20  19   0.00449  -0.00892     0.00491   0.00798
 65.455 Mm   21  19   0.00566   0.00141     0.00661   0.00025
 65.455 Mm   22  19  -0.00340   0.00229    -0.00343  -0.00341
 65.455 Mm   23  19  -0.00059  -0.00089    -0.00282   0.00041
 65.455 Mm   24  19   0.00218  -0.00047     0.00227  -0.00078
 65.455 Mm   25  19  -0.00022   0.00044    -0.00099   0.00001
 65.455 Mm   26  19   0.00028  -0.00156     0.00213   0.00256
 65.455 Mm   27  19  -0.00082   0.00041    -0.00116   0.00041
 65.455 Mm   28  19  -0.00231  -0.00052    -0.00199   0.00153
 65.455 Mm   29  19   0.00136   0.00268     0.00092  -0.00194
 65.455 Mm   30  19   0.00193   0.00109     0.00263  -0.00008
 65.455 Mm   31  19  -0.00093   0.00010    -0.00121  -0.00003
 65.455 Mm   32  19  -0.00246  -0.00170    -0.00237   0.00135
 65.455 Mm   33  19   0.00085   0.00251     0.00085  -0.00197
 65.455 Mm   34  19   0.00115   0.00070     0.00124  -0.00152
 65.455 Mm   35  19  -0.00169  -0.00059    -0.00169   0.00059
 65.455 Mm   36  19   0.00007  -0.00104    -0.00080   0.00114
 65.455 Mm   37  19  -0.00007  -0.00021    -0.00069   0.00104
 65.455 Mm   38  19  -0.00008  -0.00088    -0.00019   0.00063
 65.455 Mm   39  19  -0.00071  -0.00120    -0.00023   0.00116
 65.455 Mm   40  19  -0.00070  -0.00047    -0.00004   0.00052
 65.455 Mm   41  19   0.00019  -0.00090     0.00044   0.00081
 65.455 Mm   42  19   0.00057  -0.00095     0.00045   0.00078
 65.455 Mm   43  19  -0.00064  -0.00074     0.00008   0.00078
 65.455 Mm   44  19  -0.00096  -0.00043    -0.00062   0.00045
 65.455 Mm   45  19  -0.00041  -0.00051    -0.00023   0.00071
 65.455 Mm   46  19  -0.00009  -0.00054    -0.00008   0.00026
 65.455 Mm   47  19  -0.00066  -0.00029    -0.00041  -0.00035
 65.455 Mm   48  19  -0.00105  -0.00047    -0.00049  -0.00021
 65.455 Mm   49  19  -0.00037  -0.00058    -0.00049  -0.00017
 65.455 Mm   50  19  -0.00003   0.00025     0.00027  -0.00107
 65.455 Mm   20  20  -0.00128   0.00660    -0.00112  -0.00580
 65.455 Mm   21  20   0.00581  -0.00424     0.00745   0.00530
 65.455 Mm   22  20   0.00158  -0.00378     0.00113   0.00335
 65.455 Mm   23  20  -0.00449   0.00118    -0.00251  -0.00092
 65.455 Mm   24  20   0.00240  -0.00013     0.00237   0.00040
 65.455 Mm   25  20   0.00229   0.00024     0.00173   0.00053
 65.455 Mm   26  20  -0.00192  -0.00074    -0.00145  -0.00066
 65.455 Mm   27  20  -0.00195   0.00121    -0.00150   0.00029
 65.455 Mm   28  20   0.00117   0.00153     0.00109  -0.00140
 65.455 Mm   29  20   0.00118  -0.00052    -0.00093   0.00177
 65.455 Mm   30  20   0.00192   0.00110     0.00116  -0.00137
 65.455 Mm   31  20  -0.00052  -0.00014    -0.00079   0.00014
 65.455 Mm   32  20   0.00094  -0.00044     0.00050   0.00076
 65.455 Mm   33  20  -0.00112   0.00019    -0.00094   0.00038
 65.455 Mm   34  20   0.00091   0.00116     0.00138  -0.00121
 65.455 Mm   35  20  -0.00028  -0.00104    -0.00024   0.00117
 65.455 Mm   36  20   0.00047  -0.00345     0.00003   0.00325
 65.455 Mm   37  20  -0.00083  -0.00186    -0.00128   0.00144
 65.455 Mm   38  20   0.00065   0.00015     0.00024  -0.00037
 65.455 Mm   39  20   0.00144  -0.00094     0.00120   0.00091
 65.455 Mm   40  20  -0.00027  -0.00134    -0.00056   0.00180
 65.455 Mm   41  20  -0.00133  -0.00142    -0.00142   0.00118
 65.455 Mm   42  20  -0.00098   0.00086    -0.00074  -0.00052
 65.455 Mm   43  20   0.00066   0.00120     0.00077  -0.00102
 65.455 Mm   44  20  -0.00048   0.00060    -0.00083  -0.00025
 65.455 Mm   45  20  -0.00123   0.00046    -0.00150  -0.00010
 65.455 Mm   46  20  -0.00026   0.00049    -0.00058  -0.00027
 65.455 Mm   47  20  -0.00026   0.00095    -0.00007  -0.00099
 65.455 Mm   48  20  -0.00034   0.00008    -0.00026  -0.00006
 65.455 Mm   49  20  -0.00041   0.00031    -0.00006  -0.00006
 65.455 Mm   50  20   0.00014   0.00049     0.00041  -0.00030
 65.455 Mm   21  21  -0.00126   0.00610    -0.00034  -0.00524
 65.455 Mm   22  21   0.00165   0.00031     0.00144  -0.00086
 65.455 Mm   23  21  -0.00125  -0.00173    -0.00126   0.00173
 65.455 Mm   24  21  -0.00133  -0.00179    -0.00126   0.00263
 65.455 Mm   25  21  -0.00083   0.00161     0.00047  -0.00158
 65.455 Mm   26  21   0.00209   0.00260     0.00186  -0.00148
 65.455 Mm   27  21   0.00084  -0.00128     0.00134   0.00126
 65.455 Mm   28  21  -0.00016  -0.00206    -0.00258   0.00172
 65.455 Mm   29  21   0.00043   0.00057     0.00073  -0.00139
 65.455 Mm   30  21   0.00034   0.00233     0.00005  -0.00277
 65.455 Mm   31  21   0.00238  -0.00196     0.00200   0.00135
 65.455 Mm   32  21  -0.00010  -0.00156    -0.00137   0.00173
 65.455 Mm   33  21   0.00065  -0.00077     0.00095   0.00062
 65.455 Mm   34  21   0.00050   0.00265     0.00002  -0.00233
 65.455 Mm   35  21   0.00177  -0.00121     0.00117   0.00082
 65.455 Mm   36  21  -0.00011  -0.00127    -0.00053   0.00103
 65.455 Mm   37  21  -0.00090  -0.00130    -0.00086   0.00146
 65.455 Mm   38  21   0.00031  -0.00058    -0.00013   0.00018
 65.455 Mm   39  21   0.00000   0.00011    -0.00039  -0.00064
 65.455 Mm   40  21  -0.00047  -0.00057    -0.00105   0.00008
 65.455 Mm   41  21   0.00006  -0.00041    -0.00080   0.00065
 65.455 Mm   42  21  -0.00058  -0.00056    -0.00119   0.00053
 65.455 Mm   43  21  -0.00019  -0.00022    -0.00056   0.00018
 65.455 Mm   44  21  -0.00038  -0.00008     0.00018  -0.00006
 65.455 Mm   45  21   0.00061   0.00024     0.00028  -0.00003
 65.455 Mm   46  21   0.00045  -0.00010     0.00024   0.00028
 65.455 Mm   47  21  -0.00023  -0.00049    -0.00051   0.00017
 65.455 Mm   48  21   0.00036  -0.00039     0.00034   0.00040
 65.455 Mm   49  21   0.00060  -0.00005     0.00061   0.00033
 65.455 Mm   50  21   0.00026   0.00021     0.00042   0.00008
 65.455 Mm   22  22   0.00092  -0.00010     0.00016  -0.00034
 65.455 Mm   23  22   0.00264   0.00183     0.00273  -0.00200
 65.455 Mm   24  22  -0.00247   0.00120    -0.00171  -0.00192
 65.455 Mm   25  22   0.00145  -0.00109     0.00128   0.00231
 65.455 Mm   26  22  -0.00015  -0.00078    -0.00172   0.00032
 65.455 Mm   27  22  -0.00088   0.00161    -0.00094  -0.00158
 65.455 Mm   28  22   0.00235  -0.00028     0.00254   0.00080
 65.455 Mm   29  22   0.00044  -0.00074    -0.00053   0.00068
 65.455 Mm   30  22  -0.00149  -0.00163    -0.00092   0.00170
 65.455 Mm   31  22  -0.00035  -0.00073    -0.00022  -0.00049
 65.455 Mm   32  22  -0.00087  -0.00028    -0.00004   0.00117
 65.455 Mm   33  22   0.00052   0.00035     0.00091  -0.00067
 65.455 Mm   34  22  -0.00052  -0.00125    -0.00122   0.00169
 65.455 Mm   35  22   0.00021   0.00011     0.00000  -0.00084
 65.455 Mm   36  22  -0.00053   0.00024    -0.00113  -0.00061
 65.455 Mm   37  22  -0.00026  -0.00050    -0.00023  -0.00001
 65.455 Mm   38  22  -0.00092  -0.00079    -0.00096   0.00054
 65.455 Mm   39  22  -0.00014   0.00128     0.00004  -0.00108
 65.455 Mm   40  22  -0.00040  -0.00085    -0.00026   0.00057
 65.455 Mm   41  22  -0.00075  -0.00146    -0.00100   0.00117
 65.455 Mm   42  22  -0.00061  -0.00080    -0.00056   0.00023
 65.455 Mm   43  22   0.00013   0.00087     0.00020  -0.00116
 65.455 Mm   44  22   0.00101  -0.00031     0.00090   0.00032
 65.455 Mm   45  22   0.00057  -0.00086     0.00056   0.00097
 65.455 Mm   46  22  -0.00042   0.00071    -0.00034  -0.00075
 65.455 Mm   47  22  -0.00004   0.00063    -0.00009  -0.00062
 65.455 Mm   48  22   0.00109   0.00058     0.00096  -0.00011
 65.455 Mm   49  22   0.00042   0.00010     0.00020   0.00028
 65.455 Mm   50  22  -0.00073   0.00082    -0.00070  -0.00048
 65.455 Mm   23  23   0.00083  -0.00402    -0.00026   0.00410
 65.455 Mm   24  23   0.00173   0.00234     0.00249  -0.00370
 65.455 Mm   25  23  -0.00320  -0.00232    -0.00156   0.00212
 65.455 Mm   26  23   0.00115  -0.00190     0.00041   0.00120
 65.455 Mm   27  23   0.00212   0.00199     0.00160  -0.00205
 65.455 Mm   28  23   0.00176  -0.00024     0.00046   0.00037
 65.455 Mm   29  23   0.00086   0.00002     0.00069  -0.00108
 65.455 Mm   30  23  -0.00245   0.00128    -0.00185  -0.00167
 65.455 Mm   31  23  -0.00008   0.00011    -0.00088   0.00061
 65.455 Mm   32  23   0.00284  -0.00130     0.00231   0.00145
 65.455 Mm   33  23  -0.00143   0.00050    -0.00149  -0.00029
 65.455 Mm   34  23  -0.00062   0.00076    -0.00010  -0.00171
 65.455 Mm   35  23   0.00045   0.00070     0.00053  -0.00048
 65.455 Mm   36  23   0.00144  -0.00047     0.00116  -0.00009
 65.455 Mm   37  23  -0.00215  -0.00069    -0.00170   0.00002
 65.455 Mm   38  23   0.00060  -0.00027     0.00077   0.00004
 65.455 Mm   39  23   0.00040   0.00016     0.00068  -0.00032
 65.455 Mm   40  23   0.00052  -0.00036     0.00074   0.00040
 65.455 Mm   41  23  -0.00020  -0.00004    -0.00019   0.00009
 65.455 Mm   42  23   0.00015  -0.00048     0.00058   0.00055
 65.455 Mm   43  23   0.00016  -0.00046     0.00054   0.00023
 65.455 Mm   44  23   0.00077  -0.00039     0.00083   0.00022
 65.455 Mm   45  23   0.00063   0.00018     0.00080   0.00026
 65.455 Mm   46  23  -0.00015   0.00033    -0.00024  -0.00014
 65.455 Mm   47  23  -0.00030  -0.00055    -0.00089   0.00076
 65.455 Mm   48  23  -0.00002  -0.00062    -0.00013   0.00078
 65.455 Mm   49  23   0.00072   0.00029     0.00059   0.00012
 65.455 Mm   50  23   0.00031   0.00014     0.00000   0.00000
 65.455 Mm   24  24  -0.00222  -0.00161    -0.00128   0.00161
 65.455 Mm   25  24  -0.00093  -0.00068    -0.00147   0.00022
 65.455 Mm   26  24  -0.00250  -0.00703    -0.00269   0.00662
 65.455 Mm   27  24   0.00032  -0.00181     0.00081   0.00092
 65.455 Mm   28  24  -0.00025   0.00354     0.00056  -0.00425
 65.455 Mm   29  24   0.00103   0.00099     0.00134  -0.00167
 65.455 Mm   30  24   0.00112  -0.00222     0.00101   0.00114
 65.455 Mm   31  24  -0.00051  -0.00138    -0.00125   0.00079
 65.455 Mm   32  24  -0.00101   0.00059    -0.00126  -0.00032
 65.455 Mm   33  24   0.00147   0.00037     0.00103  -0.00111
 65.455 Mm   34  24  -0.00060  -0.00010    -0.00045   0.00058
 65.455 Mm   35  24   0.00027  -0.00153     0.00045   0.00148
 65.455 Mm   36  24  -0.00074   0.00145    -0.00030  -0.00124
 65.455 Mm   37  24  -0.00040  -0.00068     0.00059   0.00053
 65.455 Mm   38  24   0.00068   0.00056     0.00061  -0.00025
 65.455 Mm   39  24  -0.00004  -0.00097     0.00044   0.00110
 65.455 Mm   40  24   0.00023   0.00103     0.00024  -0.00080
 65.455 Mm   41  24  -0.00029  -0.00043    -0.00031   0.00076
 65.455 Mm   42  24  -0.00049   0.00009    -0.00046   0.00020
 65.455 Mm   43  24  -0.00074   0.00025    -0.00092   0.00033
 65.455 Mm   44  24   0.00023  -0.00018     0.00027   0.00092
 65.455 Mm   45  24   0.00039  -0.00026     0.00036   0.00155
 65.455 Mm   46  24  -0.00116  -0.00074    -0.00122   0.00064
 65.455 Mm   47  24  -0.00053  -0.00011    -0.00087   0.00047
 65.455 Mm   48  24   0.00074  -0.00027     0.00070   0.00037
 65.455 Mm   49  24   0.00088  -0.00054     0.00081   0.00078
 65.455 Mm   50  24  -0.00024  -0.00054    -0.00024   0.00045
 65.455 Mm   25  25  -0.00341  -0.00124    -0.00268   0.00083
 65.455 Mm   26  25   0.00028   0.00074    -0.00016   0.00001
 65.455 Mm   27  25  -0.00025  -0.00474    -0.00132   0.00535
 65.455 Mm   28  25  -0.00002   0.00133     0.00049  -0.00155
 65.455 Mm   29  25  -0.00247   0.00072    -0.00198  -0.00140
 65.455 Mm   30  25  -0.00257  -0.00053    -0.00174  -0.00084
 65.455 Mm   31  25   0.00213  -0.00028     0.00232   0.00066
 65.455 Mm   32  25   0.00159  -0.00206     0.00202   0.00255
 65.455 Mm   33  25  -0.00055   0.00031    -0.00096  -0.00061
 65.455 Mm   34  25  -0.00157  -0.00030    -0.00103  -0.00040
 65.455 Mm   35  25   0.00049   0.00033     0.00080  -0.00024
 65.455 Mm   36  25  -0.00013  -0.00045     0.00016   0.00115
 65.455 Mm   37  25   0.00008  -0.00033    -0.00004   0.00034
 65.455 Mm   38  25  -0.00116  -0.00063    -0.00095   0.00093
 65.455 Mm   39  25   0.00090   0.00059     0.00088  -0.00041
 65.455 Mm   40  25   0.00018   0.00103     0.00015  -0.00050
 65.455 Mm   41  25   0.00016   0.00026     0.00015  -0.00027
 65.455 Mm   42  25  -0.00089   0.00013    -0.00109   0.00019
 65.455 Mm   43  25   0.00059  -0.00078     0.00030   0.00050
 65.455 Mm   44  25   0.00140  -0.00033     0.00065   0.00070
 65.455 Mm   45  25   0.00120   0.00021     0.00068   0.00031
 65.455 Mm   46  25  -0.00019  -0.00052    -0.00066   0.00076
 65.455 Mm   47  25   0.00033  -0.00015    -0.00050   0.00039
 65.455 Mm   48  25   0.00117  -0.00038     0.00061   0.00036
 65.455 Mm   49  25   0.00121  -0.00006     0.00094   0.00010
 65.455 Mm   50  25   0.00041  -0.00030    -0.00001   0.00017
 65.455 Mm   26  26   0.00162  -0.00128     0.00128   0.00237
 65.455 Mm   27  26   0.00037   0.00211     0.00043  -0.00272
 65.455 Mm   28  26   0.00069   0.00131     0.00132  -0.00067
 65.455 Mm   29  26  -0.00078   0.00184    -0.00051  -0.00103
 65.455 Mm   30  26  -0.00029  -0.00233    -0.00153   0.00214
 65.455 Mm   31  26  -0.00093  -0.00013    -0.00093   0.00052
 65.455 Mm   32  26   0.00031   0.00086     0.00050  -0.00106
 65.455 Mm   33  26   0.00025   0.00111     0.00077  -0.00044
 65.455 Mm   34  26  -0.00003   0.00074    -0.00029  -0.00094
 65.455 Mm   35  26  -0.00035   0.00101    -0.00010  -0.00006
 65.455 Mm   36  26   0.00045  -0.00144     0.00016   0.00017
 65.455 Mm   37  26  -0.00064   0.00079    -0.00099  -0.00055
 65.455 Mm   38  26   0.00034   0.00069     0.00017  -0.00087
 65.455 Mm   39  26  -0.00029  -0.00013    -0.00041   0.00050
 65.455 Mm   40  26   0.00104  -0.00013     0.00064   0.00036
 65.455 Mm   41  26  -0.00018   0.00101    -0.00025  -0.00089
 65.455 Mm   42  26   0.00005  -0.00019    -0.00005   0.00009
 65.455 Mm   43  26  -0.00070  -0.00035    -0.00094   0.00053
 65.455 Mm   44  26   0.00074  -0.00075     0.00053   0.00091
 65.455 Mm   45  26   0.00083   0.00015     0.00043  -0.00036
 65.455 Mm   46  26  -0.00014  -0.00137    -0.00079   0.00090
 65.455 Mm   47  26  -0.00080  -0.00072    -0.00140   0.00032
 65.455 Mm   48  26  -0.00016   0.00008    -0.00079  -0.00005
 65.455 Mm   49  26  -0.00028  -0.00063    -0.00063   0.00046
 65.455 Mm   50  26  -0.00050  -0.00126    -0.00068   0.00117
 65.455 Mm   27  27   0.00033   0.00134     0.00065  -0.00065
 65.455 Mm   28  27   0.00146   0.00025     0.00088  -0.00010
 65.455 Mm   29  27  -0.00026  -0.00012     0.00043  -0.00074
 65.455 Mm   30  27  -0.00111  -0.00083    -0.00171   0.00118
 65.455 Mm   31  27   0.00061  -0.00119     0.00062   0.00177
 65.455 Mm   32  27   0.00186   0.00094     0.00101  -0.00025
 65.455 Mm   33  27  -0.00011  -0.00075    -0.00025  -0.00002
 65.455 Mm   34  27  -0.00073   0.00113    -0.00105  -0.00085
 65.455 Mm   35  27  -0.00057   0.00157    -0.00034  -0.00176
 65.455 Mm   36  27   0.00005   0.00011    -0.00004   0.00104
 65.455 Mm   37  27   0.00122  -0.00242     0.00118   0.00219
 65.455 Mm   38  27  -0.00062   0.00022    -0.00048  -0.00027
 65.455 Mm   39  27  -0.00065  -0.00038    -0.00032   0.00002
 65.455 Mm   40  27   0.00026   0.00057     0.00043  -0.00046
 65.455 Mm   41  27   0.00063  -0.00034     0.00080   0.00017
 65.455 Mm   42  27   0.00074   0.00032     0.00061  -0.00035
 65.455 Mm   43  27  -0.00011  -0.00146    -0.00055   0.00104
 65.455 Mm   44  27   0.00043   0.00021     0.00036  -0.00013
 65.455 Mm   45  27  -0.00053   0.00038    -0.00032  -0.00046
 65.455 Mm   46  27   0.00028  -0.00036     0.00018   0.00002
 65.455 Mm   47  27  -0.00048  -0.00106    -0.00053   0.00084
 65.455 Mm   48  27  -0.00039  -0.00047    -0.00035  -0.00002
 65.455 Mm   49  27  -0.00022  -0.00013    -0.00017  -0.00039
 65.455 Mm   50  27   0.00016  -0.00020    -0.00004   0.00007
 65.455 Mm   28  28  -0.00517  -0.00005    -0.00500  -0.00052
 65.455 Mm   29  28  -0.00020  -0.00054     0.00012   0.00099
 65.455 Mm   30  28   0.00170  -0.00093     0.00120   0.00169
 65.455 Mm   31  28  -0.00227  -0.00083    -0.00265   0.00094
 65.455 Mm   32  28  -0.00005   0.00078     0.00034  -0.00112
 65.455 Mm   33  28   0.00199   0.00033     0.00124  -0.00023
 65.455 Mm   34  28   0.00109  -0.00149     0.00055   0.00136
 65.455 Mm   35  28   0.00052  -0.00049     0.00034  -0.00012
 65.455 Mm   36  28  -0.00145   0.00096    -0.00164  -0.00087
 65.455 Mm   37  28   0.00088  -0.00020     0.00032   0.00010
 65.455 Mm   38  28   0.00055  -0.00003     0.00108   0.00055
 65.455 Mm   39  28  -0.00003  -0.00021     0.00016   0.00040
 65.455 Mm   40  28  -0.00126  -0.00002    -0.00110   0.00061
 65.455 Mm   41  28   0.00041  -0.00001     0.00044  -0.00026
 65.455 Mm   42  28  -0.00029   0.00064    -0.00039  -0.00058
 65.455 Mm   43  28   0.00045  -0.00019     0.00038   0.00008
 65.455 Mm   44  28  -0.00057   0.00035    -0.00048   0.00006
 65.455 Mm   45  28  -0.00015  -0.00011    -0.00025  -0.00028
 65.455 Mm   46  28  -0.00063   0.00038    -0.00070  -0.00021
 65.455 Mm   47  28   0.00036  -0.00002     0.00048  -0.00025
 65.455 Mm   48  28  -0.00065   0.00028    -0.00026  -0.00006
 65.455 Mm   49  28  -0.00042  -0.00044    -0.00005   0.00016
 65.455 Mm   50  28   0.00005  -0.00025    -0.00012   0.00032
 65.455 Mm   29  29  -0.00284  -0.00098    -0.00284   0.00096
 65.455 Mm   30  29  -0.00082  -0.00111    -0.00129   0.00145
 65.455 Mm   31  29  -0.00023   0.00186     0.00070  -0.00145
 65.455 Mm   32  29  -0.00161   0.00109    -0.00173  -0.00057
 65.455 Mm   33  29   0.00138   0.00063     0.00109  -0.00086
 65.455 Mm   34  29   0.00024   0.00002     0.00040  -0.00029
 65.455 Mm   35  29   0.00001  -0.00084     0.00003   0.00083
 65.455 Mm   36  29   0.00022  -0.00078     0.00031   0.00075
 65.455 Mm   37  29  -0.00052  -0.00044    -0.00112   0.00014
 65.455 Mm   38  29   0.00010   0.00043    -0.00026  -0.00096
 65.455 Mm   39  29   0.00087   0.00173     0.00038  -0.00157
 65.455 Mm   40  29   0.00020   0.00025    -0.00021  -0.00002
 65.455 Mm   41  29  -0.00068  -0.00046    -0.00109   0.00077
 65.455 Mm   42  29   0.00044   0.00025     0.00021  -0.00021
 65.455 Mm   43  29   0.00057   0.00038     0.00038  -0.00031
 65.455 Mm   44  29   0.00008  -0.00028     0.00050   0.00028
 65.455 Mm   45  29  -0.00073   0.00017    -0.00055  -0.00012
 65.455 Mm   46  29   0.00016  -0.00043     0.00025   0.00038
 65.455 Mm   47  29   0.00079   0.00042     0.00067  -0.00026
 65.455 Mm   48  29   0.00008  -0.00052     0.00026   0.00046
 65.455 Mm   49  29  -0.00034   0.00007    -0.00043  -0.00007
 65.455 Mm   50  29  -0.00010  -0.00041     0.00001   0.00085
 65.455 Mm   30  30   0.00117   0.00136     0.00131  -0.00078
 65.455 Mm   31  30   0.00084   0.00153     0.00074  -0.00112
 65.455 Mm   32  30  -0.00169   0.00003    -0.00186  -0.00120
 65.455 Mm   33  30  -0.00054   0.00053    -0.00022  -0.00031
 65.455 Mm   34  30   0.00194   0.00076     0.00195  -0.00018
 65.455 Mm   35  30  -0.00073  -0.00041    -0.00030   0.00020
 65.455 Mm   36  30  -0.00088  -0.00029    -0.00051  -0.00028
 65.455 Mm   37  30  -0.00085  -0.00032    -0.00067   0.00077
 65.455 Mm   38  30  -0.00024  -0.00141    -0.00010   0.00088
 65.455 Mm   39  30   0.00082   0.00025     0.00070  -0.00029
 65.455 Mm   40  30  -0.00014   0.00028    -0.00006  -0.00073
 65.455 Mm   41  30  -0.00034  -0.00075    -0.00070   0.00061
 65.455 Mm   42  30   0.00095  -0.00057     0.00050   0.00033
 65.455 Mm   43  30   0.00042  -0.00026     0.00051   0.00029
 65.455 Mm   44  30  -0.00019   0.00044     0.00004  -0.00067
 65.455 Mm   45  30  -0.00016  -0.00044    -0.00011   0.00055
 65.455 Mm   46  30   0.00081   0.00016     0.00064   0.00007
 65.455 Mm   47  30  -0.00012   0.00034    -0.00018  -0.00003
 65.455 Mm   48  30   0.00022   0.00038     0.00043  -0.00077
 65.455 Mm   49  30  -0.00033   0.00010    -0.00040   0.00015
 65.455 Mm   50  30   0.00023  -0.00045     0.00006   0.00050
 65.455 Mm   31  31   0.00047   0.00048     0.00052  -0.00012
 65.455 Mm   32  31  -0.00110   0.00333    -0.00073  -0.00357
 65.455 Mm   33  31   0.00101  -0.00075     0.00049   0.00058
 65.455 Mm   34  31   0.00013  -0.00072     0.00032   0.00093
 65.455 Mm   35  31  -0.00133  -0.00054    -0.00095  -0.00002
 65.455 Mm   36  31  -0.00006  -0.00010     0.00029   0.00088
 65.455 Mm   37  31  -0.00004   0.00034    -0.00000  -0.00057
 65.455 Mm   38  31  -0.00062   0.00022    -0.00110  -0.00009
 65.455 Mm   39  31   0.00042  -0.00008     0.00084   0.00018
 65.455 Mm   40  31   0.00073   0.00060     0.00080  -0.00068
 65.455 Mm   41  31  -0.00090  -0.00112    -0.00055   0.00061
 65.455 Mm   42  31  -0.00027  -0.00065    -0.00031   0.00040
 65.455 Mm   43  31   0.00043   0.00040     0.00052  -0.00045
 65.455 Mm   44  31   0.00020   0.00064     0.00007  -0.00057
 65.455 Mm   45  31  -0.00051  -0.00090    -0.00061   0.00083
 65.455 Mm   46  31  -0.00038   0.00026    -0.00073   0.00011
 65.455 Mm   47  31   0.00029   0.00035     0.00037  -0.00025
 65.455 Mm   48  31   0.00000   0.00044    -0.00030  -0.00032
 65.455 Mm   49  31  -0.00003  -0.00060     0.00004   0.00060
 65.455 Mm   50  31  -0.00056   0.00038    -0.00051  -0.00031
 65.455 Mm   32  32  -0.00117  -0.00331    -0.00128   0.00270
 65.455 Mm   33  32  -0.00174   0.00125    -0.00200  -0.00108
 65.455 Mm   34  32   0.00006   0.00073     0.00049  -0.00071
 65.455 Mm   35  32   0.00015   0.00130     0.00017  -0.00106
 65.455 Mm   36  32  -0.00229  -0.00037    -0.00244  -0.00002
 65.455 Mm   37  32  -0.00038  -0.00024     0.00012   0.00078
 65.455 Mm   38  32   0.00195   0.00036     0.00154  -0.00005
 65.455 Mm   39  32  -0.00051   0.00040    -0.00042  -0.00007
 65.455 Mm   40  32   0.00001   0.00021    -0.00010  -0.00018
 65.455 Mm   41  32   0.00006   0.00051     0.00005  -0.00051
 65.455 Mm   42  32  -0.00040  -0.00005    -0.00075   0.00027
 65.455 Mm   43  32  -0.00028   0.00009     0.00007  -0.00007
 65.455 Mm   44  32   0.00017   0.00034     0.00001  -0.00038
 65.455 Mm   45  32  -0.00021   0.00018    -0.00050  -0.00026
 65.455 Mm   46  32   0.00063  -0.00010     0.00070   0.00023
 65.455 Mm   47  32   0.00011  -0.00034    -0.00000   0.00000
 65.455 Mm   48  32  -0.00007  -0.00006     0.00006  -0.00016
 65.455 Mm   49  32   0.00032   0.00029     0.00049  -0.00048
 65.455 Mm   50  32   0.00057  -0.00018     0.00068   0.00051
 65.455 Mm   33  33   0.00051  -0.00311     0.00025   0.00302
 65.455 Mm   34  33  -0.00166   0.00080    -0.00173  -0.00062
 65.455 Mm   35  33  -0.00002  -0.00072    -0.00031   0.00064
 65.455 Mm   36  33  -0.00018   0.00208    -0.00049  -0.00239
 65.455 Mm   37  33  -0.00083   0.00135    -0.00061  -0.00108
 65.455 Mm   38  33   0.00090  -0.00082     0.00009   0.00077
 65.455 Mm   39  33   0.00057   0.00049     0.00103  -0.00058
 65.455 Mm   40  33   0.00013  -0.00083     0.00029   0.00079
 65.455 Mm   41  33   0.00003  -0.00113    -0.00009   0.00112
 65.455 Mm   42  33  -0.00024   0.00044    -0.00032  -0.00062
 65.455 Mm   43  33  -0.00017   0.00010    -0.00009  -0.00004
 65.455 Mm   44  33   0.00067   0.00002     0.00073   0.00023
 65.455 Mm   45  33  -0.00009   0.00000    -0.00007   0.00006
 65.455 Mm   46  33  -0.00027  -0.00004    -0.00018   0.00002
 65.455 Mm   47  33  -0.00011  -0.00034     0.00014   0.00023
 65.455 Mm   48  33   0.00079   0.00000     0.00068  -0.00019
 65.455 Mm   49  33  -0.00032  -0.00014    -0.00009   0.00024
 65.455 Mm   50  33   0.00022   0.00026     0.00029  -0.00030
 65.455 Mm   34  34   0.00103   0.00087     0.00165  -0.00046
 65.455 Mm   35  34  -0.00178  -0.00022    -0.00238  -0.00019
 65.455 Mm   36  34   0.00168  -0.00079     0.00128   0.00080
 65.455 Mm   37  34   0.00142  -0.00038     0.00113  -0.00006
 65.455 Mm   38  34  -0.00003   0.00044    -0.00003  -0.00033
 65.455 Mm   39  34  -0.00042  -0.00011    -0.00024  -0.00036
 65.455 Mm   40  34  -0.00023  -0.00070    -0.00065   0.00035
 65.455 Mm   41  34   0.00032  -0.00040     0.00061   0.00039
 65.455 Mm   42  34   0.00022   0.00045     0.00008  -0.00006
 65.455 Mm   43  34  -0.00007  -0.00029    -0.00017   0.00009
 65.455 Mm   44  34   0.00046  -0.00049     0.00019   0.00033
 65.455 Mm   45  34   0.00040   0.00024     0.00020  -0.00020
 65.455 Mm   46  34  -0.00042   0.00061    -0.00033  -0.00066
 65.455 Mm   47  34  -0.00026  -0.00006    -0.00018   0.00004
 65.455 Mm   48  34   0.00018  -0.00002     0.00026   0.00046
 65.455 Mm   49  34  -0.00017  -0.00003     0.00009   0.00024
 65.455 Mm   50  34  -0.00031   0.00029    -0.00025   0.00003
 65.455 Mm   35  35  -0.00017   0.00082     0.00009  -0.00095
 65.455 Mm   36  35   0.00001   0.00070    -0.00032  -0.00013
 65.455 Mm   37  35   0.00175   0.00046     0.00169  -0.00064
 65.455 Mm   38  35   0.00082  -0.00074     0.00102   0.00066
 65.455 Mm   39  35  -0.00055  -0.00174    -0.00040   0.00178
 65.455 Mm   40  35  -0.00143  -0.00033    -0.00114  -0.00019
 65.455 Mm   41  35   0.00016   0.00059     0.00030  -0.00008
 65.455 Mm   42  35  -0.00009   0.00004    -0.00000  -0.00000
 65.455 Mm   43  35  -0.00094   0.00100    -0.00088  -0.00105
 65.455 Mm   44  35   0.00072  -0.00025     0.00082   0.00050
 65.455 Mm   45  35   0.00099  -0.00071     0.00073   0.00073
 65.455 Mm   46  35  -0.00119  -0.00000    -0.00137  -0.00007
 65.455 Mm   47  35  -0.00025   0.00067    -0.00030  -0.00085
 65.455 Mm   48  35   0.00073   0.00031     0.00070  -0.00006
 65.455 Mm   49  35   0.00071   0.00031     0.00048  -0.00019
 65.455 Mm   50  35  -0.00033   0.00008    -0.00008   0.00003
 65.455 Mm   36  36   0.00084  -0.00063     0.00036   0.00086
 65.455 Mm   37  36  -0.00022   0.00168     0.00032  -0.00144
 65.455 Mm   38  36   0.00098   0.00270     0.00124  -0.00221
 65.455 Mm   39  36  -0.00050  -0.00107    -0.00066   0.00111
 65.455 Mm   40  36   0.00020  -0.00114    -0.00012   0.00125
 65.455 Mm   41  36  -0.00030   0.00041    -0.00009   0.00005
 65.455 Mm   42  36  -0.00048   0.00076    -0.00046  -0.00089
 65.455 Mm   43  36  -0.00039   0.00029     0.00001  -0.00039
 65.455 Mm   44  36  -0.00030  -0.00049    -0.00047   0.00009
 65.455 Mm   45  36   0.00037  -0.00003     0.00054   0.00017
 65.455 Mm   46  36   0.00080  -0.00045     0.00091   0.00009
 65.455 Mm   47  36  -0.00053  -0.00008    -0.00057   0.00026
 65.455 Mm   48  36  -0.00023  -0.00037    -0.00004   0.00026
 65.455 Mm   49  36   0.00030   0.00017     0.00051  -0.00033
 65.455 Mm   50  36   0.00003   0.00017     0.00030  -0.00017
 65.455 Mm   37  37   0.00013   0.00067     0.00028  -0.00074
 65.455 Mm   38  37  -0.00033  -0.00070    -0.00058   0.00067
 65.455 Mm   39  37  -0.00060   0.00184    -0.00044  -0.00233
 65.455 Mm   40  37   0.00067   0.00051     0.00052   0.00006
 65.455 Mm   41  37   0.00107   0.00111     0.00108  -0.00094
 65.455 Mm   42  37   0.00083   0.00036     0.00020  -0.00003
 65.455 Mm   43  37  -0.00054  -0.00057    -0.00084   0.00028
 65.455 Mm   44  37  -0.00018   0.00005    -0.00024  -0.00030
 65.455 Mm   45  37  -0.00033  -0.00018     0.00012   0.00025
 65.455 Mm   46  37   0.00033  -0.00032     0.00018   0.00052
 65.455 Mm   47  37   0.00019   0.00060     0.00041  -0.00059
 65.455 Mm   48  37  -0.00009   0.00088    -0.00007  -0.00061
 65.455 Mm   49  37   0.00022  -0.00037     0.00008   0.00060
 65.455 Mm   50  37  -0.00027  -0.00062    -0.00036   0.00036
 65.455 Mm   38  38  -0.00143  -0.00013    -0.00146  -0.00051
 65.455 Mm   39  38   0.00097  -0.00155     0.00083   0.00175
 65.455 Mm   40  38   0.00035  -0.00065    -0.00042   0.00000
 65.455 Mm   41  38  -0.00009   0.00082     0.00032  -0.00108
 65.455 Mm   42  38   0.00084   0.00100     0.00122  -0.00133
 65.455 Mm   43  38   0.00054  -0.00070     0.00027   0.00052
 65.455 Mm   44  38   0.00007  -0.00007    -0.00012   0.00015
 65.455 Mm   45  38  -0.00008  -0.00046    -0.00008   0.00046
 65.455 Mm   46  38  -0.00044  -0.00070    -0.00039   0.00083
 65.455 Mm   47  38   0.00003   0.00054     0.00041  -0.00059
 65.455 Mm   48  38   0.00001   0.00062     0.00025  -0.00036
 65.455 Mm   49  38  -0.00024   0.00009    -0.00027  -0.00021
 65.455 Mm   50  38  -0.00009   0.00014    -0.00025   0.00004
 65.455 Mm   39  39   0.00044  -0.00074     0.00027   0.00093
 65.455 Mm   40  39  -0.00003  -0.00021     0.00032  -0.00000
 65.455 Mm   41  39   0.00121   0.00055     0.00120  -0.00027
 65.455 Mm   42  39  -0.00000  -0.00140    -0.00021   0.00108
 65.455 Mm   43  39   0.00001  -0.00127     0.00020   0.00086
 65.455 Mm   44  39  -0.00048  -0.00005    -0.00016  -0.00011
 65.455 Mm   45  39  -0.00071   0.00087    -0.00045  -0.00071
 65.455 Mm   46  39   0.00076  -0.00032     0.00040   0.00050
 65.455 Mm   47  39   0.00065  -0.00074     0.00046   0.00088
 65.455 Mm   48  39  -0.00063   0.00047    -0.00056  -0.00068
 65.455 Mm   49  39  -0.00039   0.00019    -0.00038  -0.00035
 65.455 Mm   50  39   0.00031  -0.00060     0.00034   0.00059
 65.455 Mm   40  40   0.00061   0.00016     0.00094   0.00007
 65.455 Mm   41  40  -0.00082  -0.00003    -0.00049  -0.00016
 65.455 Mm   42  40  -0.00030   0.00106     0.00012  -0.00120
 65.455 Mm   43  40   0.00108  -0.00002     0.00111   0.00039
 65.455 Mm   44  40   0.00033  -0.00120     0.00013   0.00162
 65.455 Mm   45  40  -0.00103   0.00007    -0.00083  -0.00014
 65.455 Mm   46  40  -0.00071   0.00084    -0.00089  -0.00064
 65.455 Mm   47  40   0.00044   0.00007     0.00054  -0.00005
 65.455 Mm   48  40   0.00074  -0.00028     0.00062   0.00002
 65.455 Mm   49  40  -0.00043   0.00005    -0.00052  -0.00004
 65.455 Mm   50  40  -0.00080  -0.00047    -0.00099   0.00024
 65.455 Mm   41  41   0.00005  -0.00061    -0.00016   0.00049
 65.455 Mm   42  41  -0.00038  -0.00013    -0.00039   0.00008
 65.455 Mm   43  41   0.00075  -0.00046     0.00031   0.00061
 65.455 Mm   44  41  -0.00086   0.00115    -0.00039  -0.00168
 65.455 Mm   45  41  -0.00009  -0.00001    -0.00000   0.00000
 65.455 Mm   46  41   0.00089   0.00023     0.00071   0.00017
 65.455 Mm   47  41  -0.00024   0.00027    -0.00057  -0.00027
 65.455 Mm   48  41   0.00037   0.00038     0.00044  -0.00055
 65.455 Mm   49  41   0.00018  -0.00019     0.00042   0.00010
 65.455 Mm   50  41  -0.00041  -0.00012    -0.00050   0.00009
 65.455 Mm   42  42   0.00050  -0.00003     0.00040  -0.00001
 65.455 Mm   43  42  -0.00009  -0.00017    -0.00042   0.00041
 65.455 Mm   44  42   0.00104   0.00016     0.00096   0.00002
 65.455 Mm   45  42  -0.00015  -0.00102    -0.00041   0.00051
 65.455 Mm   46  42  -0.00055  -0.00049    -0.00034   0.00014
 65.455 Mm   47  42   0.00053   0.00061     0.00084  -0.00067
 65.455 Mm   48  42   0.00045   0.00042     0.00038  -0.00022
 65.455 Mm   49  42   0.00003   0.00017     0.00018  -0.00018
 65.455 Mm   50  42   0.00008  -0.00004     0.00024   0.00024
 65.455 Mm   43  43   0.00055   0.00069     0.00067  -0.00084
 65.455 Mm   44  43  -0.00065  -0.00017    -0.00045   0.00016
 65.455 Mm   45  43  -0.00055   0.00009    -0.00056  -0.00034
 65.455 Mm   46  43   0.00149  -0.00071     0.00151   0.00119
 65.455 Mm   47  43   0.00035  -0.00083     0.00036   0.00092
 65.455 Mm   48  43  -0.00054  -0.00045    -0.00070   0.00010
 65.455 Mm   49  43  -0.00031   0.00062     0.00006  -0.00060
 65.455 Mm   50  43   0.00056   0.00021     0.00042   0.00003
 65.455 Mm   44  44   0.00104   0.00049     0.00098  -0.00038
 65.455 Mm   45  44  -0.00035  -0.00087    -0.00026   0.00050
 65.455 Mm   46  44  -0.00045   0.00010    -0.00045  -0.00007
 65.455 Mm   47  44   0.00009  -0.00062     0.00024   0.00048
 65.455 Mm   48  44  -0.00009   0.00025    -0.00002   0.00009
 65.455 Mm   49  44  -0.00017  -0.00030    -0.00048   0.00037
 65.455 Mm   50  44  -0.00027   0.00021    -0.00036  -0.00023
 65.455 Mm   45  45   0.00041   0.00023     0.00042  -0.00020
 65.455 Mm   46  45   0.00094  -0.00036     0.00105   0.00073
 65.455 Mm   47  45  -0.00033   0.00064    -0.00025  -0.00058
 65.455 Mm   48  45   0.00001  -0.00132    -0.00024   0.00112
 65.455 Mm   49  45  -0.00036  -0.00024    -0.00052  -0.00004
 65.455 Mm   50  45  -0.00024   0.00045    -0.00004  -0.00051
 65.455 Mm   46  46  -0.00076  -0.00032    -0.00090   0.00019
 65.455 Mm   47  46   0.00005   0.00008     0.00044   0.00007
 65.455 Mm   48  46  -0.00074   0.00030    -0.00079   0.00003
 65.455 Mm   49  46   0.00060   0.00001     0.00077   0.00011
 65.455 Mm   50  46   0.00039  -0.00017     0.00049   0.00014
 65.455 Mm   47  47  -0.00060  -0.00019    -0.00071   0.00013
 65.455 Mm   48  47  -0.00027  -0.00120    -0.00045   0.00086
 65.455 Mm   49  47  -0.00095  -0.00003    -0.00094   0.00014
 65.455 Mm   50  47  -0.00032   0.00069     0.00005  -0.00059
 65.455 Mm   48  48  -0.00012   0.00051    -0.00004  -0.00053
 65.455 Mm   49  48   0.00094  -0.00012     0.00085   0.00015
 65.455 Mm   50  48  -0.00073  -0.00043    -0.00082   0.00021
 65.455 Mm   49  49   0.00003   0.00043     0.00008  -0.00042
 65.455 Mm   50  49   0.00039   0.00103     0.00059  -0.00113
 65.455 Mm   50  50   0.00017  -0.00000     0.00006   0.00006