 75.555 Mf    0   0   0.00000   0.00000     0.00000   0.00000
 75.555 Mf    1   0   0.00000   0.00000     0.00000   0.00000
 75.555 Mf    2   0  -9.80623  -2.87460     0.00000   0.00000
 75.555 Mf    3   0   0.67473  -0.41760     0.00000   0.00000
 75.555 Mf    4   0   1.73312  -0.56419     0.00000   0.00000
 75.555 Mf    5   0  -0.96717  -0.68891     0.00000   0.00000
 75.555 Mf    6   0   0.39493  -0.07910     0.00000   0.00000
 75.555 Mf    7   0  -0.81796  -0.40919     0.00000   0.00000
 75.555 Mf    8   0   0.14143   0.00408     0.00000   0.00000
 75.555 Mf    9   0  -0.41756  -0.14151     0.00000   0.00000
 75.555 Mf   10   0  -0.06985   0.01466     0.00000   0.00000
 75.555 Mf   11   0  -0.15072  -0.01130     0.00000   0.00000
 75.555 Mf   12   0  -0.10770  -0.00455     0.00000   0.00000
 75.555 Mf   13   0   0.01181   0.03637     0.00000   0.00000
 75.555 Mf   14   0  -0.04393  -0.00143     0.00000   0.00000
 75.555 Mf   15   0   0.09305   0.03523     0.00000   0.00000
 75.555 Mf   16   0  -0.01501  -0.00321     0.00000   0.00000
 75.555 Mf   17   0   0.07305   0.02910     0.00000   0.00000
 75.555 Mf   18   0   0.03095   0.00791     0.00000   0.00000
 75.555 Mf   19   0   0.00725   0.00317     0.00000   0.00000
 75.555 Mf   20   0   0.02631   0.00555     0.00000   0.00000
 75.555 Mf   21   0  -0.02740  -0.01920     0.00000   0.00000
 75.555 Mf   22   0   0.00068  -0.00271     0.00000   0.00000
 75.555 Mf   23   0  -0.04673  -0.02755     0.00000   0.00000
 75.555 Mf   24   0   0.00404  -0.01074     0.00000   0.00000
 75.555 Mf   25   0  -0.02192  -0.01745     0.00000   0.00000
 75.555 Mf   26   0  -0.00476  -0.01194     0.00000   0.00000
 75.555 Mf   27   0  -0.01196  -0.00955     0.00000   0.00000
 75.555 Mf   28   0   0.00783  -0.00606     0.00000   0.00000
 75.555 Mf   29   0   0.01029  -0.00009     0.00000   0.00000
 75.555 Mf   30   0  -0.00370   0.00047     0.00000   0.00000
 75.555 Mf   31   0   0.00477   0.00562     0.00000   0.00000
 75.555 Mf   32   0   0.00275   0.00379     0.00000   0.00000
 75.555 Mf   33   0   0.00773   0.00590     0.00000   0.00000
 75.555 Mf   34   0  -0.00081   0.00496     0.00000   0.00000
 75.555 Mf   35   0  -0.00656   0.00413     0.00000   0.00000
 75.555 Mf   36   0   0.00283   0.00481     0.00000   0.00000
 75.555 Mf   37   0  -0.00014   0.00215     0.00000   0.00000
 75.555 Mf   38   0   0.00437   0.00336     0.00000   0.00000
 75.555 Mf   39   0   0.00368   0.00120     0.00000   0.00000
 75.555 Mf   40   0   0.00125   0.00156     0.00000   0.00000
 75.555 Mf   41   0   0.00502   0.00029     0.00000   0.00000
 75.555 Mf   42   0   0.00060  -0.00007     0.00000   0.00000
 75.555 Mf   43   0   0.00395   0.00073     0.00000   0.00000
 75.555 Mf   44   0  -0.00540  -0.00083     0.00000   0.00000
 75.555 Mf   45   0   0.00341   0.00102     0.00000   0.00000
 75.555 Mf   46   0  -0.00065  -0.00078     0.00000   0.00000
 75.555 Mf   47   0   0.00244   0.00213     0.00000   0.00000
 75.555 Mf   48   0  -0.00250  -0.00051     0.00000   0.00000
 75.555 Mf   49   0   0.00198   0.00240     0.00000   0.00000
 75.555 Mf   50   0   0.00260   0.00076     0.00000   0.00000
 75.555 Mf    1   1   0.00000  -0.00000     0.00000  -0.00000
 75.555 Mf    2   1  -0.07331  -0.41232     0.18849   0.19707
 75.555 Mf    3   1   0.30789   0.41601     0.52036  -0.33269
 75.555 Mf    4   1   0.11627   0.16799    -0.05849  -0.16545
 75.555 Mf    5   1  -0.39185   0.33236    -0.17035  -0.24552
 75.555 Mf    6   1  -0.15257  -0.26179    -0.24815   0.27545
 75.555 Mf    7   1  -0.05215   0.04984    -0.01883   0.04697
 75.555 Mf    8   1  -0.03026  -0.09169    -0.13289   0.14013
 75.555 Mf    9   1   0.08063   0.11410     0.04267  -0.02417
 75.555 Mf   10   1   0.03795  -0.04656    -0.04538   0.09632
 75.555 Mf   11   1   0.07113   0.01222     0.03166   0.04587
 75.555 Mf   12   1   0.03945   0.00287     0.01742   0.02562
 75.555 Mf   13   1   0.09462  -0.02391     0.05056   0.05616
 75.555 Mf   14   1   0.02547   0.01632     0.02289  -0.00610
 75.555 Mf   15   1   0.02426  -0.02061     0.01018   0.03381
 75.555 Mf   16   1   0.00101   0.02691     0.02381  -0.02732
 75.555 Mf   17   1   0.00977  -0.04383     0.00678   0.04535
 75.555 Mf   18   1  -0.02122   0.01183    -0.00284  -0.02050
 75.555 Mf   19   1  -0.01526  -0.01790    -0.01202   0.00819
 75.555 Mf   20   1  -0.00631  -0.00031     0.00043  -0.00712
 75.555 Mf   21   1  -0.00610  -0.00972    -0.00021  -0.00525
 75.555 Mf   22   1  -0.00405  -0.01199     0.00211   0.00072
 75.555 Mf   23   1  -0.01430   0.00648    -0.00504  -0.01693
 75.555 Mf   24   1  -0.00273  -0.02055     0.00080   0.01128
 75.555 Mf   25   1  -0.00905   0.01175     0.00539  -0.01399
 75.555 Mf   26   1  -0.00422  -0.00615    -0.00078   0.00016
 75.555 Mf   27   1  -0.00991   0.01673     0.00144  -0.01509
 75.555 Mf   28   1  -0.00999   0.00367    -0.00689  -0.00086
 75.555 Mf   29   1  -0.00174   0.00345     0.00233  -0.00108
 75.555 Mf   30   1  -0.00726   0.00977    -0.00431  -0.00644
 75.555 Mf   31   1  -0.00017   0.00187    -0.00306   0.00193
 75.555 Mf   32   1  -0.00618   0.00931    -0.00508  -0.00996
 75.555 Mf   33   1   0.00274  -0.00424    -0.00263   0.00416
 75.555 Mf   34   1   0.00357   0.00421     0.00287  -0.00691
 75.555 Mf   35   1   0.00262  -0.00666    -0.00227   0.00307
 75.555 Mf   36   1   0.00250   0.00305     0.00428  -0.00650
 75.555 Mf   37   1  -0.00140  -0.00641    -0.00282  -0.00017
 75.555 Mf   38   1   0.00570  -0.00208     0.00705  -0.00037
 75.555 Mf   39   1  -0.00281  -0.00234    -0.00125  -0.00286
 75.555 Mf   40   1   0.00274  -0.00229     0.00268   0.00220
 75.555 Mf   41   1  -0.00516   0.00136    -0.00251  -0.00387
 75.555 Mf   42   1   0.00141  -0.00219     0.00157   0.00423
 75.555 Mf   43   1  -0.00227   0.00091    -0.00148  -0.00169
 75.555 Mf   44   1   0.00041  -0.00107    -0.00104   0.00359
 75.555 Mf   45   1  -0.00040   0.00040    -0.00086   0.00087
 75.555 Mf   46   1   0.00110   0.00004     0.00023   0.00173
 75.555 Mf   47   1   0.00185   0.00128     0.00222   0.00074
 75.555 Mf   48   1   0.00044  -0.00002    -0.00069   0.00092
 75.555 Mf   49   1   0.00163   0.00019     0.00021   0.00171
 75.555 Mf   50   1   0.00028   0.00080    -0.00048  -0.00048
 75.555 Mf    2   2  -0.68073  -0.10677    -0.04377   0.09242
 75.555 Mf    3   2  -0.53899   0.02944    -0.38484   0.35506
 75.555 Mf    4   2  -0.38516   0.16004    -0.43257  -0.03574
 75.555 Mf    5   2  -0.27444   0.17205    -0.10098  -0.23584
 75.555 Mf    6   2  -0.11905   0.03160    -0.24158  -0.16822
 75.555 Mf    7   2  -0.07291  -0.09940    -0.07791   0.03545
 75.555 Mf    8   2  -0.01920  -0.10825    -0.04833   0.01816
 75.555 Mf    9   2   0.16880  -0.00433     0.06381  -0.00794
 75.555 Mf   10   2   0.05818  -0.09242     0.01635  -0.00097
 75.555 Mf   11   2   0.10167  -0.06318     0.02071   0.02319
 75.555 Mf   12   2  -0.04602  -0.09381    -0.08137   0.03767
 75.555 Mf   13   2   0.06626  -0.05573     0.00640   0.03801
 75.555 Mf   14   2  -0.01457  -0.01940    -0.03869   0.01108
 75.555 Mf   15   2   0.02388  -0.05113    -0.01424   0.04739
 75.555 Mf   16   2  -0.02691   0.00095    -0.04677  -0.00182
 75.555 Mf   17   2  -0.01480  -0.00226    -0.01968   0.02030
 75.555 Mf   18   2   0.00089   0.02654     0.00266  -0.01712
 75.555 Mf   19   2  -0.00452  -0.00675    -0.01085   0.01966
 75.555 Mf   20   2  -0.00787   0.01701     0.00229  -0.00930
 75.555 Mf   21   2   0.00012   0.00934     0.00247  -0.00464
 75.555 Mf   22   2   0.00682   0.00344     0.01080  -0.00010
 75.555 Mf   23   2   0.01476   0.00121     0.01535   0.00014
 75.555 Mf   24   2  -0.00323   0.00037    -0.00361  -0.00159
 75.555 Mf   25   2   0.00118   0.00932     0.00646  -0.00588
 75.555 Mf   26   2  -0.00197  -0.00703    -0.00526   0.00459
 75.555 Mf   27   2   0.00332   0.00568     0.00443  -0.00121
 75.555 Mf   28   2  -0.00132  -0.00817    -0.00770   0.00210
 75.555 Mf   29   2  -0.00079   0.00682    -0.00053  -0.00281
 75.555 Mf   30   2  -0.00090  -0.00630    -0.00544   0.00532
 75.555 Mf   31   2   0.00089   0.00239     0.00154  -0.00298
 75.555 Mf   32   2   0.00106  -0.00179    -0.00128   0.00130
 75.555 Mf   33   2   0.00026  -0.00340    -0.00143  -0.00253
 75.555 Mf   34   2   0.00653  -0.00366     0.00477   0.00254
 75.555 Mf   35   2  -0.00261  -0.00168    -0.00046  -0.00403
 75.555 Mf   36   2   0.00334  -0.00163     0.00404  -0.00047
 75.555 Mf   37   2  -0.00360  -0.00036     0.00157  -0.00163
 75.555 Mf   38   2  -0.00136  -0.00129     0.00050   0.00023
 75.555 Mf   39   2  -0.00141   0.00266     0.00365  -0.00093
 75.555 Mf   40   2  -0.00509   0.00224    -0.00165  -0.00162
 75.555 Mf   41   2  -0.00044   0.00531     0.00302  -0.00058
 75.555 Mf   42   2  -0.00394   0.00220    -0.00079   0.00015
 75.555 Mf   43   2   0.00203   0.00488     0.00289   0.00055
 75.555 Mf   44   2  -0.00134   0.00187    -0.00023  -0.00083
 75.555 Mf   45   2   0.00141   0.00175     0.00116   0.00095
 75.555 Mf   46   2   0.00096   0.00177     0.00038  -0.00073
 75.555 Mf   47   2   0.00155  -0.00091     0.00017   0.00006
 75.555 Mf   48   2   0.00306   0.00135     0.00202  -0.00062
 75.555 Mf   49   2  -0.00182  -0.00283    -0.00394   0.00048
 75.555 Mf   50   2   0.00269   0.00031     0.00200  -0.00034
 75.555 Mf    3   3   0.07422  -0.50403     0.07228   0.57468
 75.555 Mf    4   3  -0.12910   0.20422    -0.27911  -0.09813
 75.555 Mf    5   3   0.13156   0.21774     0.12295  -0.32356
 75.555 Mf    6   3   0.19677   0.14719     0.13546  -0.08066
 75.555 Mf    7   3   0.11740  -0.01077     0.16718  -0.05337
 75.555 Mf    8   3  -0.04601   0.10091    -0.07194  -0.01318
 75.555 Mf    9   3  -0.01209   0.02804    -0.01155  -0.03807
 75.555 Mf   10   3   0.03609  -0.01258    -0.00595   0.01228
 75.555 Mf   11   3   0.01002   0.00916     0.02963   0.01865
 75.555 Mf   12   3  -0.02830  -0.09819    -0.05613   0.06034
 75.555 Mf   13   3  -0.01917   0.02501    -0.00858   0.02161
 75.555 Mf   14   3  -0.01880  -0.04535    -0.03847   0.01601
 75.555 Mf   15   3   0.01848   0.02392     0.01475  -0.00757
 75.555 Mf   16   3  -0.02873  -0.05053    -0.03084   0.02666
 75.555 Mf   17   3   0.03512   0.02721     0.02809  -0.01825
 75.555 Mf   18   3  -0.02670  -0.03538    -0.04283   0.01379
 75.555 Mf   19   3   0.02771   0.01391     0.02476  -0.01216
 75.555 Mf   20   3  -0.00295  -0.02016    -0.01656   0.00688
 75.555 Mf   21   3   0.01922   0.00747     0.02250  -0.00346
 75.555 Mf   22   3  -0.01687  -0.00787    -0.02435  -0.00540
 75.555 Mf   23   3   0.00910  -0.00256     0.01546   0.00275
 75.555 Mf   24   3  -0.01307  -0.00466    -0.00783  -0.00997
 75.555 Mf   25   3   0.01044  -0.00631     0.01204   0.00401
 75.555 Mf   26   3  -0.02213  -0.00207    -0.01343  -0.01373
 75.555 Mf   27   3  -0.00143  -0.00674    -0.00051   0.00224
 75.555 Mf   28   3  -0.01502   0.00135    -0.00530  -0.01123
 75.555 Mf   29   3   0.00214  -0.01036     0.00105   0.00692
 75.555 Mf   30   3  -0.00894  -0.00092    -0.00707  -0.00240
 75.555 Mf   31   3  -0.00376   0.00097    -0.00225   0.00038
 75.555 Mf   32   3  -0.00037   0.00069    -0.00284  -0.00322
 75.555 Mf   33   3  -0.00132   0.00118    -0.00093   0.00248
 75.555 Mf   34   3   0.00410  -0.00352     0.00060   0.00647
 75.555 Mf   35   3  -0.00139   0.00356    -0.00117  -0.00208
 75.555 Mf   36   3   0.00480   0.00087     0.00223   0.00354
 75.555 Mf   37   3  -0.00128   0.00422    -0.00149  -0.00499
 75.555 Mf   38   3   0.00429  -0.00202     0.00114   0.00426
 75.555 Mf   39   3  -0.00166   0.00239    -0.00175  -0.00370
 75.555 Mf   40   3   0.00356  -0.00243     0.00020   0.00325
 75.555 Mf   41   3  -0.00008   0.00195     0.00001  -0.00226
 75.555 Mf   42   3  -0.00067  -0.00178    -0.00175   0.00076
 75.555 Mf   43   3   0.00149  -0.00074     0.00070   0.00034
 75.555 Mf   44   3   0.00209  -0.00136     0.00081   0.00068
 75.555 Mf   45   3   0.00409   0.00052     0.00367  -0.00076
 75.555 Mf   46   3  -0.00039  -0.00024    -0.00016  -0.00062
 75.555 Mf   47   3   0.00080  -0.00141     0.00118   0.00136
 75.555 Mf   48   3   0.00132   0.00071     0.00129  -0.00029
 75.555 Mf   49   3   0.00039  -0.00019     0.00100   0.00107
 75.555 Mf   50   3   0.00015   0.00186     0.00072  -0.00072
 75.555 Mf    4   4   0.19325  -0.57540     0.11220   0.58875
 75.555 Mf    5   4  -0.12563   0.12367    -0.24633  -0.19104
 75.555 Mf    6   4  -0.05923   0.14011     0.02103  -0.22937
 75.555 Mf    7   4   0.15405   0.05195     0.11638   0.01013
 75.555 Mf    8   4   0.01687  -0.04268     0.03584   0.04900
 75.555 Mf    9   4  -0.05921  -0.00088    -0.08078  -0.02024
 75.555 Mf   10   4  -0.05487   0.05210    -0.04891  -0.05037
 75.555 Mf   11   4   0.02210  -0.04607     0.00144  -0.03928
 75.555 Mf   12   4  -0.04108  -0.03254    -0.03107   0.02448
 75.555 Mf   13   4  -0.00215  -0.04400     0.00169   0.02442
 75.555 Mf   14   4  -0.01565  -0.00327    -0.02389  -0.00678
 75.555 Mf   15   4  -0.01249  -0.01359     0.00069   0.00853
 75.555 Mf   16   4   0.00761  -0.02661     0.01350   0.01319
 75.555 Mf   17   4  -0.00090  -0.01256     0.01586   0.02340
 75.555 Mf   18   4  -0.00832  -0.00197     0.00583  -0.00049
 75.555 Mf   19   4   0.00527   0.00674     0.01275   0.00654
 75.555 Mf   20   4   0.00223  -0.01264     0.00904   0.01665
 75.555 Mf   21   4  -0.00564  -0.00010     0.00417   0.00209
 75.555 Mf   22   4   0.00443  -0.00754     0.00129   0.01409
 75.555 Mf   23   4  -0.01310   0.00865    -0.00417  -0.01005
 75.555 Mf   24   4   0.00155  -0.01086    -0.00713   0.01171
 75.555 Mf   25   4  -0.01374   0.00716    -0.00942  -0.01291
 75.555 Mf   26   4  -0.00404  -0.00252    -0.00350   0.00390
 75.555 Mf   27   4  -0.00518   0.00740    -0.00447  -0.01008
 75.555 Mf   28   4  -0.00516  -0.00897    -0.00922   0.00362
 75.555 Mf   29   4   0.00155   0.00476     0.00525  -0.00801
 75.555 Mf   30   4  -0.00289  -0.00439    -0.00322  -0.00079
 75.555 Mf   31   4   0.00229   0.00470     0.00727  -0.00527
 75.555 Mf   32   4  -0.00668  -0.00377    -0.00664  -0.00228
 75.555 Mf   33   4   0.00720   0.00708     0.00848  -0.00794
 75.555 Mf   34   4  -0.00379  -0.00101    -0.00233  -0.00269
 75.555 Mf   35   4   0.00210   0.00442     0.00513  -0.00349
 75.555 Mf   36   4  -0.00454  -0.00098    -0.00455  -0.00139
 75.555 Mf   37   4   0.00216   0.00372     0.00527  -0.00172
 75.555 Mf   38   4  -0.00026   0.00035    -0.00170  -0.00188
 75.555 Mf   39   4  -0.00077  -0.00090     0.00184   0.00211
 75.555 Mf   40   4   0.00022  -0.00219    -0.00073   0.00174
 75.555 Mf   41   4   0.00133  -0.00112     0.00294   0.00206
 75.555 Mf   42   4   0.00403  -0.00153     0.00307   0.00242
 75.555 Mf   43   4  -0.00038  -0.00222    -0.00205   0.00275
 75.555 Mf   44   4   0.00102  -0.00151     0.00005   0.00259
 75.555 Mf   45   4   0.00063  -0.00146    -0.00167   0.00085
 75.555 Mf   46   4   0.00028   0.00087     0.00037  -0.00000
 75.555 Mf   47   4  -0.00154  -0.00049    -0.00328   0.00057
 75.555 Mf   48   4  -0.00175  -0.00016    -0.00217   0.00039
 75.555 Mf   49   4  -0.00146   0.00121    -0.00170  -0.00159
 75.555 Mf   50   4  -0.00110  -0.00003    -0.00138  -0.00137
 75.555 Mf    5   5   0.05087  -0.24707    -0.00148   0.22143
 75.555 Mf    6   5  -0.05094   0.01449    -0.00091  -0.03940
 75.555 Mf    7   5  -0.06379   0.12094    -0.04217  -0.05174
 75.555 Mf    8   5   0.00598  -0.08056     0.00343   0.04528
 75.555 Mf    9   5  -0.02123   0.00918    -0.01797   0.03909
 75.555 Mf   10   5  -0.01709   0.01977    -0.01978  -0.05919
 75.555 Mf   11   5   0.00728   0.02055     0.00325  -0.01611
 75.555 Mf   12   5  -0.02020  -0.02605     0.02743  -0.01213
 75.555 Mf   13   5   0.00584   0.01246     0.01229  -0.01280
 75.555 Mf   14   5  -0.03681   0.00927     0.00022  -0.02198
 75.555 Mf   15   5  -0.00619   0.00873     0.00022  -0.02755
 75.555 Mf   16   5  -0.02260  -0.00150     0.00178  -0.01246
 75.555 Mf   17   5  -0.00271  -0.00447     0.00869  -0.00323
 75.555 Mf   18   5  -0.02829  -0.00189    -0.01528  -0.00084
 75.555 Mf   19   5  -0.00951  -0.00762    -0.00172   0.00296
 75.555 Mf   20   5  -0.02479   0.00365    -0.02202  -0.01508
 75.555 Mf   21   5   0.00316  -0.00317     0.01415  -0.00123
 75.555 Mf   22   5  -0.02036  -0.00527    -0.02410  -0.00712
 75.555 Mf   23   5  -0.00289  -0.00266     0.00026  -0.00195
 75.555 Mf   24   5  -0.01839  -0.01029    -0.01809  -0.00823
 75.555 Mf   25   5   0.00768   0.00249     0.00683  -0.00570
 75.555 Mf   26   5  -0.00532  -0.00672    -0.00231  -0.00523
 75.555 Mf   27   5   0.00406   0.00181     0.00130  -0.00723
 75.555 Mf   28   5  -0.00847  -0.00422    -0.00327  -0.00630
 75.555 Mf   29   5   0.01067  -0.00100     0.00712  -0.00259
 75.555 Mf   30   5   0.00359  -0.00259     0.00376  -0.00496
 75.555 Mf   31   5   0.00036  -0.00101     0.00086   0.00120
 75.555 Mf   32   5  -0.00449   0.00235    -0.00508  -0.00609
 75.555 Mf   33   5  -0.00017  -0.00074    -0.00035   0.00263
 75.555 Mf   34   5  -0.00099   0.00264     0.00167  -0.00042
 75.555 Mf   35   5  -0.00041  -0.00428    -0.00366   0.00376
 75.555 Mf   36   5  -0.00586   0.00564    -0.00018  -0.00015
 75.555 Mf   37   5  -0.00109  -0.00172    -0.00254   0.00428
 75.555 Mf   38   5   0.00082   0.00309     0.00324   0.00068
 75.555 Mf   39   5   0.00172  -0.00110     0.00181   0.00378
 75.555 Mf   40   5   0.00078   0.00085     0.00091   0.00088
 75.555 Mf   41   5   0.00073   0.00256     0.00222  -0.00080
 75.555 Mf   42   5   0.00251  -0.00146     0.00040   0.00166
 75.555 Mf   43   5   0.00159   0.00159     0.00255  -0.00214
 75.555 Mf   44   5  -0.00013  -0.00172    -0.00387   0.00190
 75.555 Mf   45   5  -0.00033   0.00298     0.00049  -0.00381
 75.555 Mf   46   5  -0.00230  -0.00320    -0.00507   0.00086
 75.555 Mf   47   5   0.00005  -0.00090    -0.00022  -0.00059
 75.555 Mf   48   5  -0.00107  -0.00336    -0.00245   0.00139
 75.555 Mf   49   5  -0.00043  -0.00065    -0.00046  -0.00073
 75.555 Mf   50   5  -0.00059  -0.00212    -0.00026   0.00043
 75.555 Mf    6   6  -0.00733  -0.06115    -0.00520   0.02219
 75.555 Mf    7   6  -0.05047   0.10833    -0.00467  -0.05903
 75.555 Mf    8   6   0.06809  -0.03484    -0.00430  -0.00800
 75.555 Mf    9   6   0.01401  -0.05658     0.02526   0.04095
 75.555 Mf   10   6   0.06449   0.02966     0.01535  -0.06731
 75.555 Mf   11   6   0.00758   0.02904     0.01226  -0.04960
 75.555 Mf   12   6   0.02596   0.00208     0.01242   0.00812
 75.555 Mf   13   6   0.00601   0.00303     0.02212   0.00483
 75.555 Mf   14   6  -0.01609   0.00240    -0.01299  -0.00192
 75.555 Mf   15   6  -0.03058   0.00524    -0.02490  -0.00900
 75.555 Mf   16   6  -0.01826  -0.01504     0.00323  -0.00386
 75.555 Mf   17   6  -0.01435  -0.00503    -0.00973   0.00038
 75.555 Mf   18   6  -0.02001  -0.00979    -0.00681  -0.00517
 75.555 Mf   19   6  -0.02703   0.01130    -0.01706  -0.02140
 75.555 Mf   20   6  -0.00831  -0.00388    -0.00674  -0.00791
 75.555 Mf   21   6  -0.01462   0.00220     0.00122  -0.01259
 75.555 Mf   22   6  -0.00364  -0.00540    -0.00253  -0.00560
 75.555 Mf   23   6  -0.00421   0.00766     0.00650  -0.02040
 75.555 Mf   24   6  -0.00639  -0.00544    -0.00567   0.00196
 75.555 Mf   25   6  -0.00048  -0.00276     0.00133  -0.00612
 75.555 Mf   26   6  -0.00667  -0.00634    -0.00295   0.00332
 75.555 Mf   27   6   0.00114   0.00679     0.00248  -0.00610
 75.555 Mf   28   6  -0.00579  -0.00262    -0.00695  -0.00017
 75.555 Mf   29   6  -0.00155   0.00814    -0.00293  -0.00205
 75.555 Mf   30   6  -0.00816   0.00027    -0.00761  -0.00599
 75.555 Mf   31   6   0.00069   0.00410     0.00153  -0.00049
 75.555 Mf   32   6  -0.00279  -0.00454    -0.00696   0.00212
 75.555 Mf   33   6  -0.00166   0.00191    -0.00133  -0.00200
 75.555 Mf   34   6  -0.00292  -0.00363    -0.00558   0.00189
 75.555 Mf   35   6   0.00361   0.00079     0.00513  -0.00023
 75.555 Mf   36   6   0.00033  -0.00557    -0.00227   0.00264
 75.555 Mf   37   6   0.00093   0.00267     0.00055  -0.00057
 75.555 Mf   38   6  -0.00248  -0.00144    -0.00422  -0.00192
 75.555 Mf   39   6   0.00322   0.00285     0.00317  -0.00134
 75.555 Mf   40   6  -0.00220  -0.00143    -0.00168  -0.00061
 75.555 Mf   41   6  -0.00041   0.00243     0.00108  -0.00277
 75.555 Mf   42   6  -0.00704   0.00100    -0.00463  -0.00317
 75.555 Mf   43   6   0.00118   0.00104     0.00230  -0.00167
 75.555 Mf   44   6  -0.00459  -0.00217    -0.00211  -0.00064
 75.555 Mf   45   6  -0.00048  -0.00152     0.00137   0.00061
 75.555 Mf   46   6  -0.00367  -0.00169    -0.00193  -0.00184
 75.555 Mf   47   6   0.00083  -0.00190     0.00218   0.00159
 75.555 Mf   48   6  -0.00104  -0.00327    -0.00070   0.00171
 75.555 Mf   49   6   0.00116  -0.00182     0.00040   0.00076
 75.555 Mf   50   6  -0.00025   0.00023    -0.00034   0.00026
 75.555 Mf    7   7   0.00065   0.06675     0.05317  -0.06430
 75.555 Mf    8   7  -0.05161   0.03286    -0.08569  -0.00776
 75.555 Mf    9   7  -0.05106  -0.07827    -0.01947   0.02231
 75.555 Mf   10   7   0.01915   0.05611     0.01650  -0.00705
 75.555 Mf   11   7  -0.00255  -0.06963     0.02194   0.01833
 75.555 Mf   12   7  -0.00966   0.01876     0.00423   0.00070
 75.555 Mf   13   7  -0.01018  -0.01416    -0.02041   0.00403
 75.555 Mf   14   7  -0.02098  -0.02179    -0.01333   0.00510
 75.555 Mf   15   7   0.00670   0.01429    -0.01112  -0.00526
 75.555 Mf   16   7  -0.00396   0.01034    -0.00196  -0.01345
 75.555 Mf   17   7  -0.00287  -0.00115     0.00252   0.00485
 75.555 Mf   18   7  -0.00682   0.00951    -0.00061   0.00066
 75.555 Mf   19   7   0.00237   0.00247     0.01233  -0.00426
 75.555 Mf   20   7  -0.00538   0.02176     0.00270  -0.02204
 75.555 Mf   21   7   0.00354   0.00649     0.01476  -0.00787
 75.555 Mf   22   7  -0.00900   0.00780     0.00049  -0.00612
 75.555 Mf   23   7  -0.00374  -0.00120     0.00569   0.00336
 75.555 Mf   24   7  -0.00996   0.00668     0.00015  -0.01199
 75.555 Mf   25   7  -0.00488   0.00307     0.00001   0.00049
 75.555 Mf   26   7  -0.00973   0.00293     0.00046  -0.00378
 75.555 Mf   27   7   0.00095  -0.00120    -0.00153   0.00561
 75.555 Mf   28   7  -0.00690   0.00083    -0.00532  -0.00180
 75.555 Mf   29   7   0.00000   0.00100    -0.00186   0.00002
 75.555 Mf   30   7  -0.00222   0.00477    -0.00144  -0.00389
 75.555 Mf   31   7   0.00587   0.00229     0.00419   0.00093
 75.555 Mf   32   7   0.00309  -0.00100     0.00283   0.00268
 75.555 Mf   33   7   0.00343   0.00354     0.00572  -0.00159
 75.555 Mf   34   7   0.00657   0.00200     0.00600   0.00128
 75.555 Mf   35   7   0.00250   0.00018     0.00510  -0.00061
 75.555 Mf   36   7   0.00458   0.00076     0.00656   0.00296
 75.555 Mf   37   7  -0.00182   0.00216     0.00261  -0.00108
 75.555 Mf   38   7   0.00123   0.00048     0.00325   0.00108
 75.555 Mf   39   7  -0.00186   0.00146     0.00064  -0.00039
 75.555 Mf   40   7  -0.00072  -0.00140     0.00171   0.00050
 75.555 Mf   41   7  -0.00389   0.00012    -0.00051  -0.00145
 75.555 Mf   42   7  -0.00275  -0.00217    -0.00078   0.00195
 75.555 Mf   43   7  -0.00282  -0.00084    -0.00056  -0.00114
 75.555 Mf   44   7  -0.00314  -0.00085    -0.00133  -0.00076
 75.555 Mf   45   7  -0.00133  -0.00045     0.00092  -0.00119
 75.555 Mf   46   7  -0.00220  -0.00092    -0.00068  -0.00151
 75.555 Mf   47   7  -0.00021   0.00078     0.00028  -0.00214
 75.555 Mf   48   7  -0.00099   0.00088    -0.00003  -0.00238
 75.555 Mf   49   7  -0.00132   0.00203    -0.00049  -0.00368
 75.555 Mf   50   7  -0.00069  -0.00063    -0.00103  -0.00113
 75.555 Mf    8   8   0.04270   0.08714     0.05242  -0.06334
 75.555 Mf    9   8  -0.00854  -0.00209    -0.02665   0.00313
 75.555 Mf   10   8  -0.07194   0.00560    -0.04441  -0.00221
 75.555 Mf   11   8   0.02017  -0.00476     0.00961  -0.00088
 75.555 Mf   12   8  -0.01199  -0.01179     0.01322   0.02729
 75.555 Mf   13   8   0.00585  -0.00860    -0.00457  -0.00831
 75.555 Mf   14   8  -0.04392   0.00176    -0.03883  -0.01257
 75.555 Mf   15   8   0.00135  -0.00845    -0.01522  -0.00089
 75.555 Mf   16   8   0.01353  -0.00874     0.00528  -0.01086
 75.555 Mf   17   8  -0.00402  -0.00033    -0.01057  -0.00684
 75.555 Mf   18   8  -0.01466  -0.00236    -0.02225  -0.00102
 75.555 Mf   19   8  -0.00001  -0.01005    -0.01450  -0.00104
 75.555 Mf   20   8  -0.00914  -0.00205    -0.00677  -0.00453
 75.555 Mf   21   8   0.00613  -0.00569    -0.00121  -0.00222
 75.555 Mf   22   8  -0.00188  -0.00565     0.00486   0.00236
 75.555 Mf   23   8   0.00079  -0.00583    -0.00320   0.00257
 75.555 Mf   24   8   0.00047   0.00357     0.00675  -0.00249
 75.555 Mf   25   8   0.00373  -0.00210     0.00737   0.00086
 75.555 Mf   26   8  -0.00383   0.00225     0.00218  -0.00252
 75.555 Mf   27   8  -0.00265  -0.00375     0.00153   0.00172
 75.555 Mf   28   8   0.00040   0.01064     0.00590  -0.00832
 75.555 Mf   29   8   0.00121   0.00076     0.00413  -0.00031
 75.555 Mf   30   8  -0.00912   0.00229    -0.00250  -0.00478
 75.555 Mf   31   8  -0.00379   0.00134     0.00119  -0.00255
 75.555 Mf   32   8  -0.00275   0.00516     0.00305  -0.00514
 75.555 Mf   33   8   0.00023   0.00656     0.00720  -0.00444
 75.555 Mf   34   8  -0.00487   0.00064     0.00185  -0.00318
 75.555 Mf   35   8  -0.00091   0.00529     0.00594  -0.00378
 75.555 Mf   36   8  -0.00369   0.00103     0.00501  -0.00216
 75.555 Mf   37   8   0.00107   0.00160     0.00519  -0.00045
 75.555 Mf   38   8  -0.00375   0.00008     0.00116   0.00064
 75.555 Mf   39   8  -0.00182   0.00116     0.00286  -0.00124
 75.555 Mf   40   8   0.00050   0.00038     0.00272   0.00025
 75.555 Mf   41   8  -0.00008  -0.00143     0.00225   0.00014
 75.555 Mf   42   8  -0.00008   0.00090     0.00112  -0.00114
 75.555 Mf   43   8  -0.00224   0.00023    -0.00216  -0.00092
 75.555 Mf   44   8   0.00058   0.00291     0.00297  -0.00325
 75.555 Mf   45   8  -0.00056  -0.00008    -0.00165  -0.00036
 75.555 Mf   46   8   0.00077   0.00236     0.00225  -0.00346
 75.555 Mf   47   8  -0.00104   0.00053    -0.00133  -0.00170
 75.555 Mf   48   8  -0.00055   0.00177     0.00019  -0.00175
 75.555 Mf   49   8  -0.00120  -0.00169    -0.00196  -0.00109
 75.555 Mf   50   8  -0.00128   0.00066    -0.00063  -0.00079
 75.555 Mf    9   9   0.03230   0.06037     0.01981  -0.05728
 75.555 Mf   10   9  -0.04271  -0.01089    -0.03208   0.00435
 75.555 Mf   11   9   0.00485   0.02198    -0.00500   0.00002
 75.555 Mf   12   9   0.02305  -0.00690     0.02239   0.00112
 75.555 Mf   13   9   0.01427   0.02637    -0.00461  -0.01934
 75.555 Mf   14   9   0.00336  -0.01446     0.01155   0.00319
 75.555 Mf   15   9  -0.00567   0.02778    -0.00025  -0.03263
 75.555 Mf   16   9   0.00151   0.01502     0.01449  -0.01504
 75.555 Mf   17   9   0.01045  -0.00023     0.02651  -0.01490
 75.555 Mf   18   9   0.00463  -0.01552     0.00541   0.00691
 75.555 Mf   19   9  -0.01600   0.00106    -0.00199  -0.01505
 75.555 Mf   20   9   0.00591   0.00879     0.00917  -0.01933
 75.555 Mf   21   9   0.00447   0.00275     0.01010  -0.00354
 75.555 Mf   22   9   0.00404  -0.01336     0.00938   0.00704
 75.555 Mf   23   9  -0.00887  -0.00329    -0.00276   0.00126
 75.555 Mf   24   9  -0.00037   0.00114     0.00332  -0.00212
 75.555 Mf   25   9  -0.00037   0.00592     0.00395  -0.00798
 75.555 Mf   26   9   0.00173  -0.00164     0.00304   0.00407
 75.555 Mf   27   9  -0.00495   0.00242    -0.00657   0.00147
 75.555 Mf   28   9   0.00086  -0.00689    -0.00176   0.00869
 75.555 Mf   29   9  -0.00039   0.00613    -0.00068  -0.00452
 75.555 Mf   30   9   0.00355  -0.00241     0.00493   0.00381
 75.555 Mf   31   9   0.00402  -0.00002     0.00389   0.00461
 75.555 Mf   32   9   0.00116  -0.00400     0.00129   0.00677
 75.555 Mf   33   9   0.00153   0.00201     0.00377  -0.00103
 75.555 Mf   34   9   0.00052   0.00562     0.00207  -0.00243
 75.555 Mf   35   9   0.00227   0.00245     0.00632   0.00013
 75.555 Mf   36   9  -0.00224   0.00167     0.00044  -0.00014
 75.555 Mf   37   9   0.00175  -0.00080     0.00326   0.00330
 75.555 Mf   38   9  -0.00273   0.00257     0.00137  -0.00420
 75.555 Mf   39   9   0.00413   0.00075     0.00239   0.00124
 75.555 Mf   40   9  -0.00472   0.00016    -0.00140  -0.00385
 75.555 Mf   41   9   0.00103  -0.00408    -0.00090   0.00262
 75.555 Mf   42   9  -0.00238  -0.00033    -0.00051  -0.00357
 75.555 Mf   43   9   0.00109  -0.00376    -0.00057   0.00014
 75.555 Mf   44   9  -0.00221  -0.00063    -0.00179  -0.00360
 75.555 Mf   45   9  -0.00287  -0.00631    -0.00371   0.00131
 75.555 Mf   46   9  -0.00121  -0.00173    -0.00094  -0.00168
 75.555 Mf   47   9  -0.00159  -0.00332    -0.00230   0.00040
 75.555 Mf   48   9  -0.00143  -0.00102    -0.00146  -0.00061
 75.555 Mf   49   9  -0.00473  -0.00102    -0.00497  -0.00112
 75.555 Mf   50   9  -0.00005  -0.00068    -0.00028   0.00019
 75.555 Mf   10  10  -0.02309   0.00841    -0.03533  -0.03188
 75.555 Mf   11  10  -0.03863  -0.03611    -0.03609   0.04248
 75.555 Mf   12  10   0.02966  -0.00066     0.02133  -0.00205
 75.555 Mf   13  10  -0.00308   0.01530    -0.00252  -0.01571
 75.555 Mf   14  10  -0.00278  -0.02151     0.00455   0.01383
 75.555 Mf   15  10  -0.01067  -0.00892     0.00308   0.01928
 75.555 Mf   16  10   0.00120   0.00192     0.00300   0.00032
 75.555 Mf   17  10  -0.02586   0.01083    -0.00763   0.00179
 75.555 Mf   18  10   0.00243  -0.01052    -0.00271   0.01184
 75.555 Mf   19  10  -0.01857  -0.00713    -0.01088   0.01321
 75.555 Mf   20  10  -0.01557   0.00193    -0.01548  -0.00042
 75.555 Mf   21  10  -0.00754  -0.00083    -0.00294   0.00102
 75.555 Mf   22  10   0.00367  -0.00061     0.00242   0.00704
 75.555 Mf   23  10   0.00109  -0.00886    -0.00217   0.01230
 75.555 Mf   24  10  -0.00701  -0.00228    -0.01234   0.00774
 75.555 Mf   25  10  -0.00097  -0.00349    -0.00205  -0.00191
 75.555 Mf   26  10   0.00505  -0.00435     0.00319   0.00604
 75.555 Mf   27  10   0.01058  -0.01310     0.00137   0.00939
 75.555 Mf   28  10   0.00246  -0.00790    -0.00001   0.00458
 75.555 Mf   29  10   0.00441  -0.00428    -0.00132   0.00317
 75.555 Mf   30  10   0.00724  -0.00579     0.00129  -0.00051
 75.555 Mf   31  10   0.00242  -0.00448     0.00101   0.00403
 75.555 Mf   32  10   0.00426  -0.00250    -0.00281   0.00053
 75.555 Mf   33  10   0.00088  -0.00009    -0.00134   0.00394
 75.555 Mf   34  10   0.00092   0.00033    -0.00305   0.00034
 75.555 Mf   35  10   0.00407  -0.00094    -0.00141   0.00316
 75.555 Mf   36  10  -0.00139   0.00345    -0.00054   0.00044
 75.555 Mf   37  10   0.00156  -0.00164    -0.00228   0.00530
 75.555 Mf   38  10   0.00127   0.00153     0.00059   0.00269
 75.555 Mf   39  10   0.00037  -0.00179    -0.00017   0.00408
 75.555 Mf   40  10   0.00156   0.00088     0.00153  -0.00069
 75.555 Mf   41  10   0.00087  -0.00175    -0.00013   0.00246
 75.555 Mf   42  10  -0.00147  -0.00273    -0.00049   0.00132
 75.555 Mf   43  10  -0.00160  -0.00292    -0.00284   0.00076
 75.555 Mf   44  10  -0.00241   0.00065    -0.00020  -0.00335
 75.555 Mf   45  10  -0.00034  -0.00097    -0.00069  -0.00089
 75.555 Mf   46  10  -0.00280  -0.00291    -0.00311   0.00026
 75.555 Mf   47  10  -0.00150  -0.00062    -0.00135  -0.00051
 75.555 Mf   48  10  -0.00096  -0.00015    -0.00181  -0.00109
 75.555 Mf   49  10   0.00014   0.00094     0.00024  -0.00162
 75.555 Mf   50  10  -0.00005  -0.00042    -0.00201   0.00033
 75.555 Mf   11  11  -0.00132   0.00593     0.00749  -0.00911
 75.555 Mf   12  11  -0.00180  -0.01937    -0.01244   0.02437
 75.555 Mf   13  11  -0.00559   0.01358    -0.00116  -0.00725
 75.555 Mf   14  11   0.01213   0.01623     0.00414  -0.02187
 75.555 Mf   15  11  -0.01202  -0.00751     0.00264   0.01338
 75.555 Mf   16  11   0.00299   0.00044    -0.00960  -0.00203
 75.555 Mf   17  11  -0.00014   0.00570    -0.00291   0.01029
 75.555 Mf   18  11   0.01616   0.01023     0.00289  -0.01273
 75.555 Mf   19  11   0.01504   0.00417     0.01181   0.00648
 75.555 Mf   20  11  -0.00071   0.00791    -0.00359  -0.00910
 75.555 Mf   21  11   0.00230   0.00743     0.00439  -0.00086
 75.555 Mf   22  11   0.01395   0.00061     0.00668   0.00232
 75.555 Mf   23  11   0.01034  -0.01036     0.00593   0.00955
 75.555 Mf   24  11   0.00370  -0.00249     0.00082   0.00026
 75.555 Mf   25  11   0.00422   0.00569    -0.00129  -0.00663
 75.555 Mf   26  11   0.00153  -0.00484     0.00043   0.00266
 75.555 Mf   27  11  -0.00037  -0.00811    -0.00384   0.00590
 75.555 Mf   28  11  -0.00829  -0.00514    -0.00364   0.00279
 75.555 Mf   29  11  -0.00201  -0.00074    -0.00353  -0.00312
 75.555 Mf   30  11  -0.00748   0.00137    -0.00278  -0.00326
 75.555 Mf   31  11  -0.00215  -0.00564     0.00008   0.00107
 75.555 Mf   32  11  -0.00364  -0.00002    -0.00286  -0.00002
 75.555 Mf   33  11  -0.00218  -0.00778    -0.00079   0.00319
 75.555 Mf   34  11  -0.00339  -0.00055    -0.00270   0.00009
 75.555 Mf   35  11   0.00159  -0.00513     0.00295   0.00477
 75.555 Mf   36  11   0.00225  -0.00420     0.00199   0.00257
 75.555 Mf   37  11   0.00456  -0.00424     0.00179   0.00537
 75.555 Mf   38  11  -0.00254  -0.00005    -0.00133  -0.00229
 75.555 Mf   39  11   0.00233   0.00111     0.00001  -0.00011
 75.555 Mf   40  11  -0.00100   0.00172    -0.00023  -0.00314
 75.555 Mf   41  11   0.00064  -0.00173     0.00118   0.00081
 75.555 Mf   42  11  -0.00298   0.00165    -0.00214  -0.00385
 75.555 Mf   43  11  -0.00204   0.00095    -0.00042  -0.00161
 75.555 Mf   44  11  -0.00406   0.00289    -0.00154  -0.00494
 75.555 Mf   45  11  -0.00047   0.00002     0.00109  -0.00129
 75.555 Mf   46  11  -0.00370   0.00069    -0.00109  -0.00233
 75.555 Mf   47  11  -0.00072  -0.00006     0.00117  -0.00005
 75.555 Mf   48  11  -0.00246   0.00012    -0.00050  -0.00093
 75.555 Mf   49  11  -0.00095   0.00060     0.00009  -0.00042
 75.555 Mf   50  11  -0.00035   0.00058     0.00121  -0.00106
 75.555 Mf   12  12   0.03888   0.03897     0.04208  -0.03550
 75.555 Mf   13  12   0.00781   0.00902     0.00614   0.00275
 75.555 Mf   14  12  -0.00079   0.01024     0.00490  -0.01340
 75.555 Mf   15  12   0.01163   0.00544     0.00828  -0.00217
 75.555 Mf   16  12  -0.01299  -0.00994    -0.01068   0.01172
 75.555 Mf   17  12   0.00480   0.00350    -0.00866  -0.00392
 75.555 Mf   18  12   0.00438  -0.00514    -0.00097   0.00178
 75.555 Mf   19  12   0.01280   0.01577     0.00489  -0.01347
 75.555 Mf   20  12  -0.00137  -0.00296     0.00103   0.00066
 75.555 Mf   21  12   0.00568  -0.00134     0.00086   0.00079
 75.555 Mf   22  12  -0.00479   0.00152    -0.01271  -0.00184
 75.555 Mf   23  12  -0.00387  -0.00444    -0.01166   0.00397
 75.555 Mf   24  12   0.00364  -0.01516    -0.00462   0.00742
 75.555 Mf   25  12  -0.00785  -0.00704    -0.01211   0.00637
 75.555 Mf   26  12  -0.00117  -0.00559    -0.00568  -0.00061
 75.555 Mf   27  12   0.00104  -0.00634    -0.00460   0.00650
 75.555 Mf   28  12  -0.00140  -0.01174    -0.00832   0.00798
 75.555 Mf   29  12  -0.00684  -0.00541    -0.00890   0.00267
 75.555 Mf   30  12  -0.00385  -0.00155    -0.00678  -0.00240
 75.555 Mf   31  12  -0.00066   0.00009    -0.00033   0.00023
 75.555 Mf   32  12  -0.00204  -0.00766    -0.00352   0.00740
 75.555 Mf   33  12  -0.00115  -0.00117    -0.00274   0.00048
 75.555 Mf   34  12   0.00158  -0.00022     0.00094   0.00394
 75.555 Mf   35  12   0.00364   0.00068    -0.00020  -0.00154
 75.555 Mf   36  12   0.00299  -0.00041     0.00194   0.00485
 75.555 Mf   37  12   0.00196   0.00204    -0.00124   0.00006
 75.555 Mf   38  12   0.00398  -0.00162    -0.00001   0.00474
 75.555 Mf   39  12   0.00022   0.00408    -0.00074  -0.00119
 75.555 Mf   40  12   0.00175   0.00037    -0.00177   0.00131
 75.555 Mf   41  12  -0.00110   0.00320     0.00023  -0.00131
 75.555 Mf   42  12   0.00095   0.00031    -0.00010   0.00310
 75.555 Mf   43  12  -0.00121   0.00040     0.00027   0.00104
 75.555 Mf   44  12  -0.00123   0.00107     0.00034   0.00017
 75.555 Mf   45  12  -0.00033   0.00326     0.00131  -0.00147
 75.555 Mf   46  12  -0.00045  -0.00008     0.00199   0.00036
 75.555 Mf   47  12  -0.00091   0.00058     0.00076   0.00048
 75.555 Mf   48  12  -0.00263   0.00248    -0.00049  -0.00104
 75.555 Mf   49  12  -0.00053   0.00245     0.00160  -0.00225
 75.555 Mf   50  12  -0.00039   0.00260     0.00098  -0.00067
 75.555 Mf   13  13   0.02433   0.02413     0.01676  -0.01477
 75.555 Mf   14  13   0.00516   0.01841     0.00701  -0.02943
 75.555 Mf   15  13  -0.00640   0.01616     0.00271  -0.01663
 75.555 Mf   16  13   0.00105  -0.01985    -0.00034   0.01837
 75.555 Mf   17  13   0.00142  -0.01347    -0.00782   0.01386
 75.555 Mf   18  13   0.00353  -0.00438     0.00691   0.00096
 75.555 Mf   19  13   0.00344   0.00783     0.00618  -0.01124
 75.555 Mf   20  13   0.00153  -0.01336     0.00151   0.00697
 75.555 Mf   21  13  -0.01277  -0.00344    -0.00584   0.00217
 75.555 Mf   22  13   0.00972  -0.00720     0.00417   0.00639
 75.555 Mf   23  13   0.00082  -0.00619    -0.00709   0.00242
 75.555 Mf   24  13  -0.00509  -0.00752    -0.00480   0.00003
 75.555 Mf   25  13  -0.00243  -0.00541    -0.00347  -0.00397
 75.555 Mf   26  13  -0.00406   0.00072    -0.00140  -0.00173
 75.555 Mf   27  13  -0.00496  -0.00773    -0.00285  -0.00056
 75.555 Mf   28  13  -0.00502  -0.00283    -0.00581  -0.00457
 75.555 Mf   29  13  -0.00710  -0.00078    -0.00229  -0.00539
 75.555 Mf   30  13  -0.00432   0.00300    -0.00405  -0.00849
 75.555 Mf   31  13  -0.00324   0.00602     0.00397  -0.00880
 75.555 Mf   32  13  -0.00514   0.00398    -0.00315  -0.00713
 75.555 Mf   33  13  -0.00413   0.00244     0.00080  -0.00305
 75.555 Mf   34  13  -0.00149   0.00282     0.00116  -0.00439
 75.555 Mf   35  13  -0.00138   0.00251     0.00003  -0.00167
 75.555 Mf   36  13  -0.00150   0.00110     0.00175  -0.00153
 75.555 Mf   37  13  -0.00124  -0.00340    -0.00310   0.00247
 75.555 Mf   38  13  -0.00310  -0.00230    -0.00162   0.00150
 75.555 Mf   39  13  -0.00026  -0.00408    -0.00143   0.00325
 75.555 Mf   40  13  -0.00053  -0.00289    -0.00029   0.00250
 75.555 Mf   41  13   0.00151  -0.00244     0.00060   0.00249
 75.555 Mf   42  13   0.00163  -0.00203     0.00103   0.00148
 75.555 Mf   43  13  -0.00050  -0.00047    -0.00087   0.00093
 75.555 Mf   44  13   0.00182   0.00293     0.00331  -0.00172
 75.555 Mf   45  13   0.00124   0.00210     0.00200  -0.00122
 75.555 Mf   46  13   0.00281   0.00315     0.00418  -0.00140
 75.555 Mf   47  13   0.00062   0.00099     0.00225   0.00007
 75.555 Mf   48  13   0.00120   0.00322     0.00269  -0.00132
 75.555 Mf   49  13  -0.00048   0.00092     0.00051   0.00010
 75.555 Mf   50  13   0.00229   0.00326     0.00362  -0.00120
 75.555 Mf   14  14   0.00796  -0.00073     0.00417  -0.00249
 75.555 Mf   15  14  -0.01191   0.00951    -0.00824  -0.01800
 75.555 Mf   16  14  -0.02115   0.00320    -0.01835  -0.00764
 75.555 Mf   17  14   0.00111  -0.00992    -0.00051   0.00854
 75.555 Mf   18  14   0.00419   0.00746     0.00170   0.00059
 75.555 Mf   19  14   0.00348   0.01279     0.00397  -0.00685
 75.555 Mf   20  14   0.00570   0.00016     0.00156   0.00131
 75.555 Mf   21  14  -0.00140  -0.00546    -0.00424   0.00238
 75.555 Mf   22  14   0.00074   0.00928    -0.00373  -0.00792
 75.555 Mf   23  14   0.00155  -0.00218    -0.00073  -0.00276
 75.555 Mf   24  14   0.00506   0.00835     0.00658  -0.00768
 75.555 Mf   25  14   0.00190  -0.00131     0.00564  -0.00271
 75.555 Mf   26  14  -0.00168  -0.00090     0.00311  -0.00158
 75.555 Mf   27  14   0.00123   0.00330     0.00045  -0.00703
 75.555 Mf   28  14  -0.00114   0.00031     0.00271  -0.00118
 75.555 Mf   29  14  -0.00087  -0.00114     0.00186   0.00001
 75.555 Mf   30  14   0.00144  -0.00236     0.00280   0.00306
 75.555 Mf   31  14   0.00029   0.00441     0.00627  -0.00142
 75.555 Mf   32  14   0.00030  -0.00025     0.00331   0.00179
 75.555 Mf   33  14  -0.00238  -0.00117    -0.00056   0.00194
 75.555 Mf   34  14  -0.00228   0.00349     0.00079   0.00033
 75.555 Mf   35  14   0.00133   0.00408     0.00177  -0.00194
 75.555 Mf   36  14  -0.00128   0.00543    -0.00034  -0.00194
 75.555 Mf   37  14  -0.00169  -0.00132    -0.00169   0.00241
 75.555 Mf   38  14  -0.00240   0.00176    -0.00264  -0.00111
 75.555 Mf   39  14   0.00234   0.00110     0.00160  -0.00063
 75.555 Mf   40  14   0.00096   0.00267     0.00091  -0.00280
 75.555 Mf   41  14   0.00167   0.00100     0.00133  -0.00014
 75.555 Mf   42  14  -0.00049   0.00184     0.00042  -0.00277
 75.555 Mf   43  14   0.00281   0.00115     0.00167   0.00102
 75.555 Mf   44  14   0.00098   0.00197     0.00154  -0.00276
 75.555 Mf   45  14   0.00356   0.00082     0.00125   0.00187
 75.555 Mf   46  14   0.00106   0.00264     0.00096  -0.00167
 75.555 Mf   47  14   0.00334  -0.00133     0.00165   0.00278
 75.555 Mf   48  14   0.00006   0.00017    -0.00148   0.00175
 75.555 Mf   49  14   0.00247  -0.00123     0.00048   0.00184
 75.555 Mf   50  14   0.00023   0.00055    -0.00134   0.00051
 75.555 Mf   15  15  -0.00185  -0.00030    -0.00189  -0.00807
 75.555 Mf   16  15   0.00863  -0.01145     0.01182   0.00719
 75.555 Mf   17  15  -0.00878  -0.01031    -0.01682   0.01321
 75.555 Mf   18  15   0.00340  -0.00328     0.00739  -0.00199
 75.555 Mf   19  15   0.00128   0.02070     0.00332  -0.02112
 75.555 Mf   20  15  -0.00116  -0.00391     0.00101   0.00101
 75.555 Mf   21  15   0.00624  -0.00746     0.00524   0.00820
 75.555 Mf   22  15  -0.00134  -0.01296    -0.00398   0.00695
 75.555 Mf   23  15   0.00492   0.00159     0.00426  -0.00353
 75.555 Mf   24  15  -0.00254   0.00323     0.00001  -0.00548
 75.555 Mf   25  15   0.00060  -0.00341     0.00237   0.00071
 75.555 Mf   26  15  -0.00777   0.00032    -0.00133   0.00621
 75.555 Mf   27  15  -0.00026  -0.00780    -0.00071   0.00670
 75.555 Mf   28  15  -0.00518  -0.00343    -0.00598   0.00506
 75.555 Mf   29  15  -0.00885  -0.00402    -0.00617   0.00360
 75.555 Mf   30  15  -0.00202  -0.00246     0.00062   0.00424
 75.555 Mf   31  15  -0.00191   0.00242     0.00080   0.00139
 75.555 Mf   32  15   0.00056   0.00054     0.00037   0.00068
 75.555 Mf   33  15  -0.00533   0.00101    -0.00414   0.00188
 75.555 Mf   34  15   0.00295   0.00199     0.00105  -0.00063
 75.555 Mf   35  15   0.00226   0.00514     0.00319  -0.00251
 75.555 Mf   36  15   0.00373   0.00490     0.00428  -0.00301
 75.555 Mf   37  15   0.00315   0.00128     0.00298  -0.00341
 75.555 Mf   38  15   0.00099   0.00385     0.00212  -0.00176
 75.555 Mf   39  15   0.00156   0.00073     0.00408  -0.00195
 75.555 Mf   40  15   0.00340   0.00139     0.00577  -0.00033
 75.555 Mf   41  15   0.00129   0.00233     0.00454  -0.00238
 75.555 Mf   42  15  -0.00091  -0.00063     0.00212   0.00091
 75.555 Mf   43  15  -0.00287   0.00126     0.00056  -0.00055
 75.555 Mf   44  15  -0.00048   0.00031     0.00184   0.00122
 75.555 Mf   45  15  -0.00119   0.00027     0.00093   0.00093
 75.555 Mf   46  15   0.00198  -0.00074     0.00178   0.00145
 75.555 Mf   47  15  -0.00064  -0.00087     0.00007   0.00099
 75.555 Mf   48  15  -0.00096  -0.00158    -0.00084   0.00102
 75.555 Mf   49  15   0.00081  -0.00065     0.00051   0.00007
 75.555 Mf   50  15   0.00164  -0.00042     0.00152   0.00092
 75.555 Mf   16  16   0.01290   0.01578     0.01237  -0.01254
 75.555 Mf   17  16   0.01829   0.00517     0.01745   0.00359
 75.555 Mf   18  16   0.00813  -0.00933    -0.00039   0.01057
 75.555 Mf   19  16  -0.00051  -0.00338     0.00531   0.00320
 75.555 Mf   20  16   0.00578   0.00301     0.00096  -0.00521
 75.555 Mf   21  16  -0.00989  -0.00211    -0.00813  -0.00325
 75.555 Mf   22  16  -0.00279  -0.00217     0.00160   0.00128
 75.555 Mf   23  16   0.00339  -0.00160     0.00247   0.00554
 75.555 Mf   24  16   0.00754  -0.00699     0.00665   0.00455
 75.555 Mf   25  16  -0.00173  -0.00126    -0.00020  -0.00213
 75.555 Mf   26  16  -0.00063  -0.00440    -0.00046   0.00410
 75.555 Mf   27  16   0.00042   0.00064    -0.00052   0.00144
 75.555 Mf   28  16   0.00199   0.00276     0.00061  -0.00244
 75.555 Mf   29  16   0.00483   0.00130     0.00407   0.00136
 75.555 Mf   30  16   0.00333  -0.00137     0.00119   0.00265
 75.555 Mf   31  16   0.00258  -0.00071     0.00088   0.00151
 75.555 Mf   32  16   0.00350   0.00348     0.00158  -0.00299
 75.555 Mf   33  16   0.00328  -0.00257     0.00103   0.00230
 75.555 Mf   34  16   0.00427  -0.00045    -0.00014   0.00257
 75.555 Mf   35  16   0.00261  -0.00085     0.00127   0.00109
 75.555 Mf   36  16   0.00395   0.00012     0.00193   0.00108
 75.555 Mf   37  16   0.00431  -0.00401     0.00269   0.00291
 75.555 Mf   38  16   0.00081  -0.00264     0.00175   0.00135
 75.555 Mf   39  16   0.00143   0.00075    -0.00003   0.00021
 75.555 Mf   40  16   0.00060   0.00018     0.00100   0.00135
 75.555 Mf   41  16   0.00161  -0.00033     0.00118   0.00216
 75.555 Mf   42  16   0.00012   0.00016     0.00068   0.00251
 75.555 Mf   43  16  -0.00125  -0.00022    -0.00090   0.00238
 75.555 Mf   44  16   0.00165   0.00247     0.00237   0.00036
 75.555 Mf   45  16   0.00174   0.00142     0.00165   0.00179
 75.555 Mf   46  16   0.00335   0.00241     0.00338   0.00118
 75.555 Mf   47  16   0.00139   0.00036     0.00153   0.00076
 75.555 Mf   48  16   0.00186   0.00161     0.00138   0.00026
 75.555 Mf   49  16   0.00016   0.00049     0.00045  -0.00073
 75.555 Mf   50  16   0.00064   0.00109     0.00043  -0.00028
 75.555 Mf   17  17   0.00551   0.02700     0.00760  -0.02226
 75.555 Mf   18  17   0.01124   0.00462     0.00834  -0.00272
 75.555 Mf   19  17  -0.00723  -0.00074    -0.00256  -0.00014
 75.555 Mf   20  17   0.00401   0.00200     0.00158   0.00213
 75.555 Mf   21  17   0.00014  -0.00836     0.00331   0.00915
 75.555 Mf   22  17  -0.01098   0.00631    -0.00923  -0.00293
 75.555 Mf   23  17  -0.00695  -0.00163    -0.00516  -0.00143
 75.555 Mf   24  17  -0.00220   0.00810     0.00097  -0.00557
 75.555 Mf   25  17   0.00327   0.00040     0.00412   0.00404
 75.555 Mf   26  17   0.00232  -0.00138     0.00038   0.00087
 75.555 Mf   27  17  -0.00628  -0.00196    -0.00659   0.00200
 75.555 Mf   28  17  -0.00019   0.00517    -0.00331  -0.00678
 75.555 Mf   29  17  -0.00280   0.00059    -0.00085  -0.00165
 75.555 Mf   30  17   0.00153   0.00295     0.00065  -0.00226
 75.555 Mf   31  17  -0.00375  -0.00101    -0.00412   0.00224
 75.555 Mf   32  17  -0.00312  -0.00295    -0.00404   0.00097
 75.555 Mf   33  17   0.00174  -0.00308    -0.00264   0.00195
 75.555 Mf   34  17  -0.00300  -0.00434    -0.00098   0.00329
 75.555 Mf   35  17   0.00106  -0.00404    -0.00007   0.00143
 75.555 Mf   36  17   0.00002  -0.00174    -0.00004   0.00139
 75.555 Mf   37  17  -0.00004  -0.00373    -0.00039   0.00130
 75.555 Mf   38  17  -0.00211  -0.00510    -0.00174   0.00255
 75.555 Mf   39  17  -0.00167  -0.00152    -0.00015   0.00085
 75.555 Mf   40  17  -0.00064  -0.00222     0.00093   0.00017
 75.555 Mf   41  17   0.00143  -0.00147     0.00061   0.00007
 75.555 Mf   42  17   0.00009  -0.00280     0.00145   0.00089
 75.555 Mf   43  17   0.00033  -0.00143     0.00010   0.00078
 75.555 Mf   44  17   0.00113  -0.00104     0.00065   0.00057
 75.555 Mf   45  17   0.00273  -0.00067     0.00099   0.00181
 75.555 Mf   46  17   0.00247  -0.00012     0.00052  -0.00017
 75.555 Mf   47  17   0.00234  -0.00063     0.00028   0.00095
 75.555 Mf   48  17   0.00026  -0.00046    -0.00112   0.00070
 75.555 Mf   49  17   0.00096  -0.00277    -0.00094   0.00185
 75.555 Mf   50  17   0.00008  -0.00101    -0.00113   0.00114
 75.555 Mf   18  18  -0.00446   0.00445    -0.01020  -0.00739
 75.555 Mf   19  18   0.00291  -0.00962     0.00467   0.00156
 75.555 Mf   20  18   0.00550   0.00310     0.00340   0.00069
 75.555 Mf   21  18   0.00383   0.00415    -0.00347  -0.00718
 75.555 Mf   22  18  -0.00540  -0.00204    -0.00365   0.00071
 75.555 Mf   23  18   0.01069   0.00347     0.00652  -0.00188
 75.555 Mf   24  18  -0.00287  -0.00052    -0.00306   0.00112
 75.555 Mf   25  18   0.00449  -0.00412     0.00412   0.00006
 75.555 Mf   26  18  -0.00353   0.00214    -0.00030  -0.00188
 75.555 Mf   27  18   0.00450  -0.00292     0.00520  -0.00001
 75.555 Mf   28  18  -0.00467   0.00077    -0.00222   0.00009
 75.555 Mf   29  18   0.00620  -0.00459     0.00414   0.00022
 75.555 Mf   30  18  -0.00124  -0.00003     0.00266   0.00076
 75.555 Mf   31  18   0.00118  -0.00412    -0.00016   0.00429
 75.555 Mf   32  18   0.00062  -0.00516    -0.00006   0.00364
 75.555 Mf   33  18   0.00024   0.00008     0.00109   0.00063
 75.555 Mf   34  18   0.00319  -0.00287     0.00404   0.00232
 75.555 Mf   35  18  -0.00066  -0.00352    -0.00082   0.00410
 75.555 Mf   36  18  -0.00098  -0.00298     0.00020   0.00290
 75.555 Mf   37  18   0.00127  -0.00047     0.00084  -0.00121
 75.555 Mf   38  18  -0.00124   0.00155    -0.00007  -0.00009
 75.555 Mf   39  18  -0.00166  -0.00183    -0.00078   0.00058
 75.555 Mf   40  18  -0.00031   0.00144    -0.00080   0.00050
 75.555 Mf   41  18  -0.00158   0.00074    -0.00105  -0.00065
 75.555 Mf   42  18  -0.00019  -0.00179     0.00089   0.00012
 75.555 Mf   43  18  -0.00116   0.00017    -0.00074   0.00025
 75.555 Mf   44  18  -0.00215  -0.00082    -0.00060  -0.00047
 75.555 Mf   45  18   0.00003   0.00018    -0.00055   0.00064
 75.555 Mf   46  18   0.00087  -0.00222    -0.00038   0.00170
 75.555 Mf   47  18  -0.00042  -0.00248    -0.00026   0.00132
 75.555 Mf   48  18  -0.00079  -0.00243    -0.00259   0.00050
 75.555 Mf   49  18  -0.00091  -0.00104    -0.00023  -0.00065
 75.555 Mf   50  18   0.00042  -0.00199    -0.00054   0.00187
 75.555 Mf   19  19  -0.00182  -0.00062    -0.00433  -0.00120
 75.555 Mf   20  19   0.01374  -0.01796     0.00905   0.01688
 75.555 Mf   21  19   0.00827   0.00389     0.01175   0.00274
 75.555 Mf   22  19  -0.00696   0.00129    -0.00613  -0.00701
 75.555 Mf   23  19   0.00244   0.00181    -0.00478  -0.00057
 75.555 Mf   24  19   0.00104  -0.00380     0.00582  -0.00024
 75.555 Mf   25  19   0.00042   0.00443    -0.00220  -0.00223
 75.555 Mf   26  19  -0.00039  -0.00379     0.00359   0.00865
 75.555 Mf   27  19  -0.00344   0.00230    -0.00347  -0.00120
 75.555 Mf   28  19  -0.00613  -0.00170    -0.00351   0.00439
 75.555 Mf   29  19   0.00119   0.00559     0.00066  -0.00424
 75.555 Mf   30  19   0.00280   0.00118     0.00463   0.00142
 75.555 Mf   31  19  -0.00103   0.00106    -0.00320  -0.00098
 75.555 Mf   32  19  -0.00456  -0.00366    -0.00414   0.00336
 75.555 Mf   33  19   0.00244   0.00650     0.00121  -0.00372
 75.555 Mf   34  19   0.00217   0.00234     0.00290  -0.00206
 75.555 Mf   35  19  -0.00381  -0.00100    -0.00362   0.00121
 75.555 Mf   36  19   0.00154  -0.00054    -0.00271   0.00219
 75.555 Mf   37  19  -0.00132  -0.00030    -0.00215   0.00184
 75.555 Mf   38  19   0.00016  -0.00098    -0.00110   0.00124
 75.555 Mf   39  19   0.00031  -0.00332    -0.00015   0.00333
 75.555 Mf   40  19  -0.00282  -0.00032    -0.00069   0.00080
 75.555 Mf   41  19   0.00281  -0.00206     0.00034   0.00202
 75.555 Mf   42  19   0.00054  -0.00161     0.00082   0.00126
 75.555 Mf   43  19  -0.00154  -0.00250    -0.00021   0.00165
 75.555 Mf   44  19  -0.00169  -0.00169    -0.00081   0.00107
 75.555 Mf   45  19  -0.00218  -0.00128    -0.00066   0.00135
 75.555 Mf   46  19   0.00074  -0.00094     0.00006   0.00017
 75.555 Mf   47  19  -0.00150  -0.00082     0.00009  -0.00025
 75.555 Mf   48  19  -0.00081  -0.00115    -0.00123  -0.00008
 75.555 Mf   49  19  -0.00031  -0.00117     0.00031  -0.00016
 75.555 Mf   50  19   0.00042   0.00004     0.00039  -0.00138
 75.555 Mf   20  20  -0.00567   0.01106    -0.00195  -0.01124
 75.555 Mf   21  20   0.01025  -0.00983     0.01368   0.01214
 75.555 Mf   22  20   0.00284  -0.00545     0.00215   0.00654
 75.555 Mf   23  20  -0.01168  -0.00147    -0.00550  -0.00055
 75.555 Mf   24  20   0.00643   0.00102     0.00465   0.00119
 75.555 Mf   25  20   0.00263   0.00017     0.00263   0.00023
 75.555 Mf   26  20  -0.00136  -0.00423    -0.00185  -0.00092
 75.555 Mf   27  20  -0.00276   0.00328    -0.00350   0.00112
 75.555 Mf   28  20   0.00213   0.00355     0.00274  -0.00290
 75.555 Mf   29  20   0.00252  -0.00052    -0.00248   0.00216
 75.555 Mf   30  20   0.00264   0.00486     0.00309  -0.00256
 75.555 Mf   31  20  -0.00081  -0.00070    -0.00198  -0.00083
 75.555 Mf   32  20   0.00057   0.00032     0.00029   0.00193
 75.555 Mf   33  20  -0.00207  -0.00121    -0.00227   0.00001
 75.555 Mf   34  20   0.00251   0.00235     0.00209  -0.00170
 75.555 Mf   35  20  -0.00021  -0.00202    -0.00051   0.00233
 75.555 Mf   36  20   0.00159  -0.00583    -0.00112   0.00664
 75.555 Mf   37  20  -0.00107  -0.00334    -0.00191   0.00224
 75.555 Mf   38  20   0.00119   0.00098     0.00031  -0.00046
 75.555 Mf   39  20   0.00250  -0.00148     0.00248   0.00171
 75.555 Mf   40  20   0.00004  -0.00304    -0.00132   0.00309
 75.555 Mf   41  20  -0.00175  -0.00158    -0.00326   0.00195
 75.555 Mf   42  20  -0.00188   0.00030    -0.00194  -0.00142
 75.555 Mf   43  20   0.00181   0.00280     0.00122  -0.00212
 75.555 Mf   44  20  -0.00248   0.00103    -0.00191  -0.00089
 75.555 Mf   45  20  -0.00244   0.00096    -0.00281  -0.00009
 75.555 Mf   46  20  -0.00102   0.00118    -0.00151  -0.00104
 75.555 Mf   47  20  -0.00083   0.00139     0.00044  -0.00184
 75.555 Mf   48  20  -0.00013   0.00012    -0.00057  -0.00023
 75.555 Mf   49  20  -0.00147  -0.00001    -0.00023  -0.00026
 75.555 Mf   50  20  -0.00003   0.00110     0.00059  -0.00007
 75.555 Mf   21  21  -0.00374   0.01228    -0.00055  -0.00952
 75.555 Mf   22  21   0.00367   0.00061     0.00352  -0.00122
 75.555 Mf   23  21  -0.00221  -0.00324    -0.00191   0.00188
 75.555 Mf   24  21  -0.00411  -0.00309    -0.00259   0.00616
 75.555 Mf   25  21  -0.00358   0.00235     0.00029  -0.00179
 75.555 Mf   26  21   0.00399   0.00554     0.00263  -0.00276
 75.555 Mf   27  21   0.00145  -0.00321     0.00224   0.00329
 75.555 Mf   28  21   0.00133  -0.00281    -0.00574   0.00054
 75.555 Mf   29  21   0.00085  -0.00013     0.00226  -0.00276
 75.555 Mf   30  21  -0.00039   0.00455     0.00048  -0.00621
 75.555 Mf   31  21   0.00611  -0.00153     0.00421   0.00262
 75.555 Mf   32  21  -0.00191  -0.00247    -0.00325   0.00164
 75.555 Mf   33  21   0.00228  -0.00199     0.00207   0.00203
 75.555 Mf   34  21   0.00064   0.00573    -0.00006  -0.00491
 75.555 Mf   35  21   0.00337  -0.00387     0.00219   0.00165
 75.555 Mf   36  21   0.00096  -0.00159    -0.00192   0.00186
 75.555 Mf   37  21  -0.00128  -0.00351    -0.00163   0.00245
 75.555 Mf   38  21   0.00152  -0.00030    -0.00063   0.00021
 75.555 Mf   39  21   0.00059   0.00027    -0.00002  -0.00172
 75.555 Mf   40  21  -0.00059   0.00022    -0.00199  -0.00013
 75.555 Mf   41  21  -0.00021  -0.00100    -0.00237   0.00067
 75.555 Mf   42  21  -0.00016  -0.00119    -0.00238   0.00077
 75.555 Mf   43  21  -0.00063  -0.00099    -0.00126   0.00020
 75.555 Mf   44  21  -0.00007  -0.00172     0.00038  -0.00000
 75.555 Mf   45  21   0.00057   0.00086     0.00084   0.00007
 75.555 Mf   46  21   0.00066   0.00033     0.00001   0.00009
 75.555 Mf   47  21  -0.00047  -0.00145     0.00005   0.00026
 75.555 Mf   48  21   0.00053  -0.00070     0.00027   0.00074
 75.555 Mf   49  21   0.00044  -0.00028     0.00169   0.00067
 75.555 Mf   50  21  -0.00008   0.00004     0.00071   0.00073
 75.555 Mf   22  22   0.00316   0.00230     0.00053  -0.00139
 75.555 Mf   23  22   0.00263   0.00214     0.00619  -0.00356
 75.555 Mf   24  22  -0.00272   0.00534    -0.00277  -0.00453
 75.555 Mf   25  22  -0.00008  -0.00198     0.00179   0.00461
 75.555 Mf   26  22  -0.00021   0.00043    -0.00249   0.00051
 75.555 Mf   27  22  -0.00195   0.00564    -0.00179  -0.00356
 75.555 Mf   28  22   0.00254  -0.00247     0.00465   0.00288
 75.555 Mf   29  22   0.00143  -0.00008    -0.00114  -0.00011
 75.555 Mf   30  22  -0.00395  -0.00650    -0.00203   0.00378
 75.555 Mf   31  22   0.00092   0.00020     0.00076  -0.00094
 75.555 Mf   32  22  -0.00181  -0.00285    -0.00057   0.00254
 75.555 Mf   33  22   0.00178   0.00291     0.00252  -0.00005
 75.555 Mf   34  22  -0.00067  -0.00185    -0.00296   0.00258
 75.555 Mf   35  22   0.00114   0.00087     0.00083  -0.00172
 75.555 Mf   36  22  -0.00181   0.00163    -0.00225  -0.00218
 75.555 Mf   37  22  -0.00057  -0.00195    -0.00045   0.00002
 75.555 Mf   38  22  -0.00135  -0.00146    -0.00142   0.00085
 75.555 Mf   39  22  -0.00044   0.00200    -0.00039  -0.00201
 75.555 Mf   40  22  -0.00056  -0.00181    -0.00008   0.00115
 75.555 Mf   41  22  -0.00006  -0.00297    -0.00239   0.00194
 75.555 Mf   42  22  -0.00187  -0.00209    -0.00062   0.00033
 75.555 Mf   43  22   0.00108   0.00114     0.00089  -0.00228
 75.555 Mf   44  22   0.00147  -0.00108     0.00158   0.00069
 75.555 Mf   45  22   0.00031  -0.00185     0.00155   0.00188
 75.555 Mf   46  22  -0.00026   0.00107    -0.00054  -0.00156
 75.555 Mf   47  22  -0.00129   0.00138     0.00025  -0.00123
 75.555 Mf   48  22   0.00229   0.00149     0.00159  -0.00002
 75.555 Mf   49  22  -0.00016  -0.00007     0.00028   0.00020
 75.555 Mf   50  22  -0.00186   0.00197    -0.00133  -0.00026
 75.555 Mf   23  23   0.00111  -0.00651    -0.00129   0.00684
 75.555 Mf   24  23   0.00356   0.00417     0.00607  -0.00698
 75.555 Mf   25  23  -0.00466  -0.00659    -0.00355   0.00555
 75.555 Mf   26  23   0.00162  -0.00175     0.00140   0.00212
 75.555 Mf   27  23   0.00729   0.00390     0.00370  -0.00468
 75.555 Mf   28  23   0.00115   0.00240     0.00089   0.00002
 75.555 Mf   29  23   0.00263   0.00113     0.00246  -0.00145
 75.555 Mf   30  23  -0.00524   0.00126    -0.00274  -0.00312
 75.555 Mf   31  23  -0.00164   0.00116    -0.00221   0.00096
 75.555 Mf   32  23   0.00683  -0.00213     0.00448   0.00288
 75.555 Mf   33  23  -0.00295   0.00071    -0.00361  -0.00152
 75.555 Mf   34  23   0.00056   0.00081     0.00129  -0.00209
 75.555 Mf   35  23   0.00158   0.00084     0.00041  -0.00174
 75.555 Mf   36  23   0.00305  -0.00075     0.00267   0.00008
 75.555 Mf   37  23  -0.00450  -0.00213    -0.00364  -0.00084
 75.555 Mf   38  23   0.00146  -0.00100     0.00201   0.00091
 75.555 Mf   39  23   0.00047   0.00044     0.00128  -0.00115
 75.555 Mf   40  23   0.00099  -0.00197     0.00175   0.00166
 75.555 Mf   41  23   0.00001  -0.00010    -0.00041  -0.00046
 75.555 Mf   42  23  -0.00008  -0.00210     0.00138   0.00159
 75.555 Mf   43  23   0.00160  -0.00159     0.00106   0.00017
 75.555 Mf   44  23   0.00010  -0.00037     0.00210   0.00067
 75.555 Mf   45  23   0.00066  -0.00036     0.00133   0.00069
 75.555 Mf   46  23  -0.00123   0.00124    -0.00072  -0.00014
 75.555 Mf   47  23  -0.00137  -0.00130    -0.00151   0.00127
 75.555 Mf   48  23   0.00029  -0.00129    -0.00066   0.00182
 75.555 Mf   49  23   0.00101   0.00067     0.00108   0.00029
 75.555 Mf   50  23   0.00038   0.00085    -0.00003   0.00042
 75.555 Mf   24  24  -0.00455  -0.00364    -0.00286   0.00364
 75.555 Mf   25  24  -0.00027  -0.00213    -0.00312  -0.00022
 75.555 Mf   26  24  -0.00258  -0.01243    -0.00632   0.01299
 75.555 Mf   27  24   0.00085  -0.00404     0.00257   0.00136
 75.555 Mf   28  24   0.00137   0.00468     0.00064  -0.00781
 75.555 Mf   29  24  -0.00004   0.00357     0.00403  -0.00271
 75.555 Mf   30  24   0.00366  -0.00486     0.00188   0.00184
 75.555 Mf   31  24  -0.00263  -0.00052    -0.00149   0.00135
 75.555 Mf   32  24  -0.00107   0.00131    -0.00273  -0.00085
 75.555 Mf   33  24   0.00119   0.00208     0.00241  -0.00258
 75.555 Mf   34  24  -0.00013  -0.00147    -0.00133   0.00064
 75.555 Mf   35  24  -0.00093  -0.00395     0.00112   0.00277
 75.555 Mf   36  24  -0.00073   0.00132    -0.00056  -0.00261
 75.555 Mf   37  24  -0.00020  -0.00180     0.00169   0.00183
 75.555 Mf   38  24   0.00054   0.00069     0.00105   0.00061
 75.555 Mf   39  24   0.00117  -0.00054     0.00065   0.00205
 75.555 Mf   40  24  -0.00064   0.00255     0.00030  -0.00055
 75.555 Mf   41  24  -0.00148  -0.00126    -0.00059   0.00057
 75.555 Mf   42  24  -0.00099  -0.00014    -0.00148   0.00084
 75.555 Mf   43  24  -0.00274   0.00017    -0.00166   0.00012
 75.555 Mf   44  24  -0.00048  -0.00072    -0.00019   0.00200
 75.555 Mf   45  24   0.00012   0.00026     0.00016   0.00309
 75.555 Mf   46  24  -0.00289  -0.00141    -0.00246   0.00142
 75.555 Mf   47  24  -0.00129   0.00040    -0.00188   0.00062
 75.555 Mf   48  24   0.00149  -0.00018     0.00116   0.00133
 75.555 Mf   49  24   0.00113  -0.00130     0.00093   0.00135
 75.555 Mf   50  24  -0.00022  -0.00099     0.00008   0.00118
 75.555 Mf   25  25  -0.00453  -0.00479    -0.00529   0.00229
 75.555 Mf   26  25  -0.00246   0.00248    -0.00057  -0.00055
 75.555 Mf   27  25   0.00186  -0.01040    -0.00412   0.00989
 75.555 Mf   28  25  -0.00006   0.00192     0.00184  -0.00337
 75.555 Mf   29  25  -0.00414   0.00019    -0.00375  -0.00286
 75.555 Mf   30  25  -0.00213  -0.00236    -0.00149  -0.00074
 75.555 Mf   31  25   0.00268  -0.00002     0.00366   0.00130
 75.555 Mf   32  25   0.00559  -0.00380     0.00380   0.00681
 75.555 Mf   33  25  -0.00200   0.00107    -0.00193  -0.00095
 75.555 Mf   34  25  -0.00011  -0.00005    -0.00123  -0.00002
 75.555 Mf   35  25  -0.00050  -0.00233     0.00166   0.00022
 75.555 Mf   36  25   0.00007   0.00046    -0.00059   0.00237
 75.555 Mf   37  25  -0.00127  -0.00266     0.00030   0.00097
 75.555 Mf   38  25  -0.00239  -0.00042    -0.00247   0.00167
 75.555 Mf   39  25   0.00219   0.00207     0.00235  -0.00032
 75.555 Mf   40  25   0.00001   0.00147    -0.00011  -0.00168
 75.555 Mf   41  25   0.00145   0.00186     0.00031   0.00002
 75.555 Mf   42  25  -0.00329  -0.00032    -0.00233  -0.00058
 75.555 Mf   43  25   0.00244  -0.00126     0.00057   0.00135
 75.555 Mf   44  25   0.00152  -0.00017     0.00097   0.00106
 75.555 Mf   45  25   0.00164   0.00041     0.00133   0.00047
 75.555 Mf   46  25   0.00004  -0.00073    -0.00158   0.00111
 75.555 Mf   47  25  -0.00019   0.00069    -0.00062   0.00012
 75.555 Mf   48  25   0.00264  -0.00014     0.00111   0.00030
 75.555 Mf   49  25   0.00209   0.00054     0.00163   0.00014
 75.555 Mf   50  25   0.00038   0.00019     0.00034  -0.00002
 75.555 Mf   26  26   0.00439  -0.00184     0.00188   0.00489
 75.555 Mf   27  26  -0.00130   0.00360     0.00097  -0.00543
 75.555 Mf   28  26   0.00144   0.00149     0.00250  -0.00030
 75.555 Mf   29  26  -0.00334   0.00193    -0.00166  -0.00196
 75.555 Mf   30  26  -0.00178  -0.00313    -0.00345   0.00277
 75.555 Mf   31  26  -0.00339  -0.00160    -0.00168   0.00110
 75.555 Mf   32  26   0.00132   0.00367     0.00145  -0.00276
 75.555 Mf   33  26  -0.00101  -0.00007     0.00145   0.00043
 75.555 Mf   34  26   0.00040   0.00391     0.00001  -0.00270
 75.555 Mf   35  26  -0.00170   0.00057    -0.00057   0.00019
 75.555 Mf   36  26   0.00077  -0.00116     0.00134   0.00039
 75.555 Mf   37  26  -0.00097   0.00217    -0.00240  -0.00189
 75.555 Mf   38  26  -0.00061   0.00154     0.00110  -0.00152
 75.555 Mf   39  26  -0.00026  -0.00020    -0.00206   0.00093
 75.555 Mf   40  26   0.00161  -0.00077     0.00170   0.00053
 75.555 Mf   41  26   0.00014   0.00143    -0.00131  -0.00130
 75.555 Mf   42  26   0.00043  -0.00165     0.00031  -0.00025
 75.555 Mf   43  26  -0.00137   0.00003    -0.00240   0.00132
 75.555 Mf   44  26   0.00086  -0.00182     0.00113   0.00130
 75.555 Mf   45  26   0.00198   0.00158     0.00110  -0.00053
 75.555 Mf   46  26  -0.00089  -0.00181    -0.00139   0.00089
 75.555 Mf   47  26  -0.00131  -0.00110    -0.00229   0.00046
 75.555 Mf   48  26   0.00016   0.00087    -0.00141  -0.00072
 75.555 Mf   49  26  -0.00091  -0.00065    -0.00103   0.00116
 75.555 Mf   50  26   0.00011  -0.00271    -0.00169   0.00201
 75.555 Mf   27  27   0.00116   0.00300     0.00081  -0.00130
 75.555 Mf   28  27   0.00230   0.00230     0.00177  -0.00017
 75.555 Mf   29  27   0.00077  -0.00169     0.00182  -0.00083
 75.555 Mf   30  27  -0.00165   0.00101    -0.00430   0.00222
 75.555 Mf   31  27   0.00055  -0.00385     0.00077   0.00367
 75.555 Mf   32  27   0.00410   0.00298     0.00069  -0.00059
 75.555 Mf   33  27   0.00047  -0.00299     0.00043  -0.00046
 75.555 Mf   34  27  -0.00156   0.00250    -0.00272  -0.00230
 75.555 Mf   35  27  -0.00146   0.00123    -0.00005  -0.00346
 75.555 Mf   36  27  -0.00070  -0.00061    -0.00167   0.00193
 75.555 Mf   37  27   0.00267  -0.00499     0.00226   0.00494
 75.555 Mf   38  27  -0.00138   0.00038    -0.00139  -0.00126
 75.555 Mf   39  27  -0.00025  -0.00048    -0.00027   0.00093
 75.555 Mf   40  27  -0.00058   0.00146     0.00048  -0.00117
 75.555 Mf   41  27   0.00239  -0.00058     0.00200   0.00125
 75.555 Mf   42  27   0.00064   0.00090     0.00100  -0.00098
 75.555 Mf   43  27  -0.00023  -0.00283    -0.00057   0.00198
 75.555 Mf   44  27   0.00174   0.00079     0.00060  -0.00029
 75.555 Mf   45  27  -0.00204   0.00116    -0.00035  -0.00107
 75.555 Mf   46  27   0.00171  -0.00066     0.00048   0.00027
 75.555 Mf   47  27  -0.00114  -0.00114    -0.00103   0.00136
 75.555 Mf   48  27  -0.00012  -0.00158    -0.00010   0.00034
 75.555 Mf   49  27   0.00017  -0.00001    -0.00029  -0.00081
 75.555 Mf   50  27   0.00053  -0.00042     0.00049   0.00012
 75.555 Mf   28  28  -0.01018  -0.00071    -0.00936  -0.00135
 75.555 Mf   29  28  -0.00083  -0.00021    -0.00010   0.00200
 75.555 Mf   30  28   0.00157  -0.00211     0.00190   0.00337
 75.555 Mf   31  28  -0.00324  -0.00084    -0.00549   0.00127
 75.555 Mf   32  28  -0.00047   0.00093     0.00177  -0.00109
 75.555 Mf   33  28   0.00454   0.00190     0.00203  -0.00070
 75.555 Mf   34  28   0.00172  -0.00208     0.00151   0.00295
 75.555 Mf   35  28   0.00112  -0.00041     0.00078  -0.00055
 75.555 Mf   36  28  -0.00428   0.00180    -0.00254  -0.00163
 75.555 Mf   37  28   0.00178   0.00032     0.00123  -0.00016
 75.555 Mf   38  28   0.00084  -0.00026     0.00205   0.00231
 75.555 Mf   39  28   0.00005   0.00009     0.00031   0.00030
 75.555 Mf   40  28  -0.00219  -0.00074    -0.00271   0.00215
 75.555 Mf   41  28   0.00118   0.00114     0.00123  -0.00124
 75.555 Mf   42  28  -0.00109   0.00050    -0.00115  -0.00080
 75.555 Mf   43  28   0.00097  -0.00011     0.00090  -0.00039
 75.555 Mf   44  28  -0.00208  -0.00035    -0.00138   0.00041
 75.555 Mf   45  28  -0.00029  -0.00023    -0.00038  -0.00096
 75.555 Mf   46  28  -0.00065   0.00077    -0.00152  -0.00034
 75.555 Mf   47  28   0.00033  -0.00064     0.00110  -0.00039
 75.555 Mf   48  28  -0.00074   0.00075    -0.00041   0.00046
 75.555 Mf   49  28  -0.00026  -0.00118    -0.00038   0.00047
 75.555 Mf   50  28  -0.00008   0.00000     0.00015   0.00075
 75.555 Mf   29  29  -0.00521  -0.00268    -0.00534   0.00160
 75.555 Mf   30  29  -0.00263  -0.00202    -0.00283   0.00265
 75.555 Mf   31  29  -0.00029   0.00320     0.00103  -0.00262
 75.555 Mf   32  29  -0.00446   0.00212    -0.00345  -0.00117
 75.555 Mf   33  29   0.00276   0.00295     0.00243  -0.00159
 75.555 Mf   34  29   0.00029  -0.00068     0.00080  -0.00093
 75.555 Mf   35  29   0.00031  -0.00115     0.00040   0.00175
 75.555 Mf   36  29  -0.00047  -0.00228     0.00033   0.00171
 75.555 Mf   37  29  -0.00116   0.00070    -0.00221  -0.00049
 75.555 Mf   38  29  -0.00054   0.00055     0.00048  -0.00249
 75.555 Mf   39  29   0.00152   0.00561     0.00044  -0.00352
 75.555 Mf   40  29   0.00013   0.00051    -0.00021  -0.00004
 75.555 Mf   41  29  -0.00092  -0.00096    -0.00303   0.00097
 75.555 Mf   42  29   0.00149   0.00018     0.00044  -0.00055
 75.555 Mf   43  29   0.00092   0.00114     0.00031  -0.00124
 75.555 Mf   44  29   0.00026  -0.00132     0.00063   0.00096
 75.555 Mf   45  29  -0.00148   0.00081    -0.00077  -0.00035
 75.555 Mf   46  29   0.00022  -0.00051     0.00015   0.00109
 75.555 Mf   47  29   0.00112   0.00104     0.00157  -0.00067
 75.555 Mf   48  29   0.00069  -0.00102     0.00016   0.00104
 75.555 Mf   49  29  -0.00078   0.00055    -0.00047  -0.00022
 75.555 Mf   50  29  -0.00034  -0.00131    -0.00043   0.00199
 75.555 Mf   30  30   0.00169   0.00219     0.00209  -0.00108
 75.555 Mf   31  30   0.00178   0.00477     0.00179  -0.00199
 75.555 Mf   32  30  -0.00271  -0.00036    -0.00281  -0.00251
 75.555 Mf   33  30  -0.00142   0.00052    -0.00023  -0.00011
 75.555 Mf   34  30   0.00345   0.00256     0.00356   0.00001
 75.555 Mf   35  30  -0.00197  -0.00207    -0.00085   0.00044
 75.555 Mf   36  30   0.00088  -0.00056    -0.00070  -0.00002
 75.555 Mf   37  30  -0.00247  -0.00034    -0.00157   0.00130
 75.555 Mf   38  30   0.00171  -0.00334    -0.00048   0.00215
 75.555 Mf   39  30   0.00167   0.00042     0.00157  -0.00039
 75.555 Mf   40  30   0.00004   0.00084    -0.00001  -0.00179
 75.555 Mf   41  30  -0.00031  -0.00244    -0.00125   0.00136
 75.555 Mf   42  30   0.00212  -0.00091     0.00130  -0.00001
 75.555 Mf   43  30   0.00055  -0.00093     0.00111   0.00111
 75.555 Mf   44  30   0.00010   0.00027     0.00057  -0.00173
 75.555 Mf   45  30  -0.00111  -0.00016    -0.00022   0.00110
 75.555 Mf   46  30   0.00246   0.00028     0.00147  -0.00004
 75.555 Mf   47  30  -0.00063   0.00109    -0.00051  -0.00017
 75.555 Mf   48  30   0.00107   0.00061     0.00095  -0.00138
 75.555 Mf   49  30  -0.00086   0.00006    -0.00085   0.00014
 75.555 Mf   50  30   0.00058  -0.00062    -0.00032   0.00069
 75.555 Mf   31  31  -0.00022   0.00049     0.00079  -0.00012
 75.555 Mf   32  31  -0.00108   0.00588    -0.00067  -0.00725
 75.555 Mf   33  31   0.00097  -0.00029     0.00123   0.00064
 75.555 Mf   34  31   0.00095  -0.00185     0.00082   0.00179
 75.555 Mf   35  31  -0.00269  -0.00100    -0.00179  -0.00006
 75.555 Mf   36  31  -0.00005   0.00023     0.00053   0.00202
 75.555 Mf   37  31  -0.00084  -0.00034    -0.00000  -0.00068
 75.555 Mf   38  31  -0.00036   0.00240    -0.00176  -0.00091
 75.555 Mf   39  31   0.00087  -0.00080     0.00174   0.00107
 75.555 Mf   40  31   0.00177   0.00221     0.00202  -0.00089
 75.555 Mf   41  31  -0.00110  -0.00220    -0.00082   0.00105
 75.555 Mf   42  31  -0.00057  -0.00128    -0.00062   0.00137
 75.555 Mf   43  31   0.00085   0.00081     0.00172  -0.00129
 75.555 Mf   44  31  -0.00057   0.00183    -0.00005  -0.00086
 75.555 Mf   45  31  -0.00091  -0.00236    -0.00105   0.00120
 75.555 Mf   46  31  -0.00099   0.00108    -0.00164  -0.00020
 75.555 Mf   47  31  -0.00003   0.00036     0.00042  -0.00047
 75.555 Mf   48  31   0.00074   0.00063    -0.00032  -0.00119
 75.555 Mf   49  31  -0.00042  -0.00095    -0.00014   0.00163
 75.555 Mf   50  31  -0.00093   0.00005    -0.00076  -0.00122
 75.555 Mf   32  32  -0.00170  -0.00694    -0.00251   0.00485
 75.555 Mf   33  32  -0.00256   0.00279    -0.00425  -0.00249
 75.555 Mf   34  32  -0.00105   0.00120     0.00098  -0.00126
 75.555 Mf   35  32   0.00019   0.00202     0.00037  -0.00224
 75.555 Mf   36  32  -0.00358   0.00037    -0.00450  -0.00051
 75.555 Mf   37  32  -0.00172  -0.00163    -0.00001   0.00170
 75.555 Mf   38  32   0.00361   0.00191     0.00286  -0.00027
 75.555 Mf   39  32  -0.00058  -0.00103    -0.00091  -0.00032
 75.555 Mf   40  32  -0.00058   0.00061    -0.00046  -0.00071
 75.555 Mf   41  32   0.00102  -0.00069     0.00017  -0.00143
 75.555 Mf   42  32  -0.00107  -0.00027    -0.00160   0.00011
 75.555 Mf   43  32  -0.00049  -0.00074     0.00032   0.00023
 75.555 Mf   44  32   0.00011   0.00085     0.00019  -0.00084
 75.555 Mf   45  32  -0.00047   0.00092    -0.00141  -0.00075
 75.555 Mf   46  32   0.00165  -0.00009     0.00173   0.00061
 75.555 Mf   47  32   0.00080  -0.00097    -0.00018  -0.00001
 75.555 Mf   48  32   0.00019   0.00040     0.00047  -0.00024
 75.555 Mf   49  32   0.00061  -0.00048     0.00092  -0.00048
 75.555 Mf   50  32   0.00116   0.00024     0.00115   0.00100
 75.555 Mf   33  33   0.00155  -0.00625     0.00034   0.00567
 75.555 Mf   34  33  -0.00344   0.00130    -0.00357  -0.00132
 75.555 Mf   35  33   0.00087  -0.00114    -0.00078   0.00120
 75.555 Mf   36  33  -0.00058   0.00332    -0.00047  -0.00497
 75.555 Mf   37  33  -0.00077   0.00272    -0.00117  -0.00245
 75.555 Mf   38  33   0.00135  -0.00113     0.00022   0.00131
 75.555 Mf   39  33   0.00172   0.00012     0.00183  -0.00091
 75.555 Mf   40  33   0.00013  -0.00178     0.00077   0.00207
 75.555 Mf   41  33   0.00075  -0.00202    -0.00073   0.00192
 75.555 Mf   42  33  -0.00133   0.00043    -0.00054  -0.00108
 75.555 Mf   43  33  -0.00013   0.00027    -0.00024  -0.00043
 75.555 Mf   44  33   0.00026   0.00012     0.00143   0.00078
 75.555 Mf   45  33  -0.00037  -0.00008     0.00007  -0.00006
 75.555 Mf   46  33  -0.00070  -0.00023    -0.00045   0.00008
 75.555 Mf   47  33   0.00026  -0.00047     0.00088   0.00076
 75.555 Mf   48  33   0.00112  -0.00025     0.00147  -0.00060
 75.555 Mf   49  33  -0.00008  -0.00042     0.00008   0.00060
 75.555 Mf   50  33  -0.00076   0.00037     0.00061  -0.00059
 75.555 Mf   34  34   0.00193   0.00108     0.00343  -0.00015
 75.555 Mf   35  34  -0.00261  -0.00024    -0.00469  -0.00086
 75.555 Mf   36  34   0.00372  -0.00132     0.00250   0.00170
 75.555 Mf   37  34   0.00314  -0.00097     0.00199  -0.00042
 75.555 Mf   38  34  -0.00001   0.00110    -0.00048  -0.00060
 75.555 Mf   39  34  -0.00086  -0.00081     0.00014  -0.00074
 75.555 Mf   40  34  -0.00088  -0.00075    -0.00094   0.00008
 75.555 Mf   41  34   0.00104  -0.00065     0.00143   0.00147
 75.555 Mf   42  34  -0.00121   0.00071     0.00040  -0.00031
 75.555 Mf   43  34   0.00015   0.00013    -0.00026   0.00041
 75.555 Mf   44  34   0.00053  -0.00144     0.00059   0.00076
 75.555 Mf   45  34   0.00045   0.00093     0.00036  -0.00106
 75.555 Mf   46  34  -0.00060   0.00124    -0.00040  -0.00082
 75.555 Mf   47  34  -0.00049  -0.00086    -0.00031  -0.00019
 75.555 Mf   48  34   0.00070  -0.00003     0.00023   0.00157
 75.555 Mf   49  34  -0.00060  -0.00010    -0.00010   0.00042
 75.555 Mf   50  34  -0.00065   0.00020    -0.00121   0.00037
 75.555 Mf   35  35  -0.00051   0.00184     0.00043  -0.00174
 75.555 Mf   36  35  -0.00029   0.00113    -0.00094  -0.00046
 75.555 Mf   37  35   0.00359   0.00139     0.00342  -0.00118
 75.555 Mf   38  35   0.00185  -0.00219     0.00176   0.00151
 75.555 Mf   39  35  -0.00075  -0.00391    -0.00100   0.00363
 75.555 Mf   40  35  -0.00260  -0.00137    -0.00215  -0.00048
 75.555 Mf   41  35  -0.00082   0.00077     0.00041  -0.00031
 75.555 Mf   42  35   0.00056   0.00021    -0.00013  -0.00015
 75.555 Mf   43  35  -0.00309   0.00241    -0.00154  -0.00215
 75.555 Mf   44  35   0.00200  -0.00066     0.00131   0.00112
 75.555 Mf   45  35   0.00178  -0.00006     0.00126   0.00151
 75.555 Mf   46  35  -0.00252  -0.00053    -0.00251  -0.00089
 75.555 Mf   47  35  -0.00043   0.00220    -0.00071  -0.00155
 75.555 Mf   48  35   0.00078   0.00013     0.00163  -0.00037
 75.555 Mf   49  35   0.00120   0.00124     0.00050  -0.00033
 75.555 Mf   50  35  -0.00038  -0.00076    -0.00001   0.00025
 75.555 Mf   36  36   0.00171  -0.00032     0.00029   0.00148
 75.555 Mf   37  36  -0.00212   0.00220     0.00042  -0.00245
 75.555 Mf   38  36   0.00242   0.00544     0.00264  -0.00407
 75.555 Mf   39  36  -0.00203  -0.00192    -0.00137   0.00219
 75.555 Mf   40  36   0.00141  -0.00209    -0.00013   0.00210
 75.555 Mf   41  36  -0.00142   0.00018    -0.00059   0.00057
 75.555 Mf   42  36  -0.00076   0.00218    -0.00090  -0.00179
 75.555 Mf   43  36  -0.00073  -0.00027    -0.00014  -0.00057
 75.555 Mf   44  36  -0.00005   0.00028    -0.00085  -0.00011
 75.555 Mf   45  36   0.00102  -0.00016     0.00090   0.00082
 75.555 Mf   46  36   0.00229  -0.00014     0.00199   0.00035
 75.555 Mf   47  36  -0.00092  -0.00037    -0.00132   0.00058
 75.555 Mf   48  36  -0.00032  -0.00110    -0.00019   0.00059
 75.555 Mf   49  36   0.00065   0.00042     0.00127  -0.00054
 75.555 Mf   50  36  -0.00030  -0.00051     0.00030  -0.00079
 75.555 Mf   37  37  -0.00010   0.00124     0.00060  -0.00134
 75.555 Mf   38  37  -0.00068  -0.00198    -0.00101   0.00131
 75.555 Mf   39  37  -0.00133   0.00364    -0.00046  -0.00471
 75.555 Mf   40  37  -0.00012   0.00168     0.00076   0.00036
 75.555 Mf   41  37   0.00253   0.00193     0.00214  -0.00175
 75.555 Mf   42  37   0.00039   0.00217     0.00005  -0.00030
 75.555 Mf   43  37  -0.00006  -0.00186    -0.00111   0.00039
 75.555 Mf   44  37  -0.00068   0.00053    -0.00052  -0.00080
 75.555 Mf   45  37  -0.00031  -0.00166     0.00040   0.00074
 75.555 Mf   46  37   0.00082  -0.00009     0.00028   0.00068
 75.555 Mf   47  37   0.00038   0.00050     0.00107  -0.00082
 75.555 Mf   48  37   0.00000   0.00229    -0.00032  -0.00110
 75.555 Mf   49  37   0.00034  -0.00116     0.00001   0.00129
 75.555 Mf   50  37   0.00011  -0.00075    -0.00059   0.00061
 75.555 Mf   38  38  -0.00252  -0.00029    -0.00245  -0.00126
 75.555 Mf   39  38   0.00226  -0.00288     0.00162   0.00316
 75.555 Mf   40  38   0.00086  -0.00060    -0.00066  -0.00052
 75.555 Mf   41  38  -0.00045   0.00136     0.00098  -0.00156
 75.555 Mf   42  38   0.00164   0.00189     0.00278  -0.00197
 75.555 Mf   43  38   0.00133  -0.00100     0.00024   0.00075
 75.555 Mf   44  38   0.00029   0.00050    -0.00022   0.00031
 75.555 Mf   45  38   0.00056  -0.00129    -0.00027   0.00039
 75.555 Mf   46  38  -0.00146  -0.00139    -0.00088   0.00171
 75.555 Mf   47  38   0.00100   0.00077     0.00090  -0.00135
 75.555 Mf   48  38  -0.00130   0.00132     0.00028  -0.00055
 75.555 Mf   49  38   0.00050  -0.00012    -0.00053  -0.00057
 75.555 Mf   50  38  -0.00023   0.00099    -0.00068  -0.00005
 75.555 Mf   39  39   0.00038  -0.00157     0.00035   0.00179
 75.555 Mf   40  39   0.00008  -0.00007     0.00062   0.00012
 75.555 Mf   41  39   0.00186   0.00086     0.00231  -0.00047
 75.555 Mf   42  39   0.00045  -0.00205    -0.00030   0.00188
 75.555 Mf   43  39   0.00045  -0.00261     0.00044   0.00181
 75.555 Mf   44  39  -0.00064  -0.00021    -0.00027  -0.00011
 75.555 Mf   45  39  -0.00136   0.00142    -0.00098  -0.00072
 75.555 Mf   46  39   0.00119  -0.00087     0.00049   0.00066
 75.555 Mf   47  39   0.00128  -0.00113     0.00061   0.00197
 75.555 Mf   48  39  -0.00122  -0.00019    -0.00077  -0.00158
 75.555 Mf   49  39  -0.00098   0.00035    -0.00076  -0.00057
 75.555 Mf   50  39   0.00054  -0.00178     0.00075   0.00133
 75.555 Mf   40  40   0.00125  -0.00019     0.00172   0.00049
 75.555 Mf   41  40  -0.00173   0.00018    -0.00082   0.00001
 75.555 Mf   42  40  -0.00062   0.00137     0.00051  -0.00194
 75.555 Mf   43  40   0.00186   0.00062     0.00180   0.00076
 75.555 Mf   44  40   0.00073  -0.00228    -0.00030   0.00295
 75.555 Mf   45  40  -0.00191   0.00046    -0.00129  -0.00024
 75.555 Mf   46  40  -0.00132   0.00176    -0.00207  -0.00136
 75.555 Mf   47  40   0.00091   0.00038     0.00134   0.00011
 75.555 Mf   48  40   0.00185  -0.00011     0.00106  -0.00004
 75.555 Mf   49  40  -0.00147   0.00007    -0.00069   0.00006
 75.555 Mf   50  40  -0.00086  -0.00053    -0.00178   0.00007
 75.555 Mf   41  41   0.00041  -0.00094    -0.00016   0.00059
 75.555 Mf   42  41  -0.00088   0.00019    -0.00079   0.00015
 75.555 Mf   43  41   0.00164  -0.00088     0.00061   0.00089
 75.555 Mf   44  41  -0.00139   0.00195    -0.00033  -0.00295
 75.555 Mf   45  41  -0.00009  -0.00065     0.00009   0.00002
 75.555 Mf   46  41   0.00094   0.00101     0.00105   0.00032
 75.555 Mf   47  41  -0.00027   0.00002    -0.00108  -0.00080
 75.555 Mf   48  41   0.00038   0.00154     0.00102  -0.00084
 75.555 Mf   49  41   0.00054  -0.00088     0.00082   0.00028
 75.555 Mf   50  41  -0.00084  -0.00011    -0.00132   0.00030
 75.555 Mf   42  42   0.00090   0.00002     0.00089  -0.00016
 75.555 Mf   43  42  -0.00026  -0.00014    -0.00116   0.00053
 75.555 Mf   44  42   0.00184   0.00082     0.00182  -0.00012
 75.555 Mf   45  42   0.00026  -0.00205    -0.00070   0.00088
 75.555 Mf   46  42  -0.00069  -0.00119    -0.00015   0.00023
 75.555 Mf   47  42   0.00107   0.00109     0.00177  -0.00089
 75.555 Mf   48  42   0.00071   0.00035     0.00076  -0.00045
 75.555 Mf   49  42   0.00036   0.00059     0.00051  -0.00007
 75.555 Mf   50  42  -0.00028   0.00019     0.00021   0.00064
 75.555 Mf   43  43   0.00122   0.00128     0.00144  -0.00133
 75.555 Mf   44  43  -0.00114  -0.00051    -0.00098   0.00039
 75.555 Mf   45  43  -0.00084   0.00007    -0.00111  -0.00070
 75.555 Mf   46  43   0.00268  -0.00140     0.00244   0.00262
 75.555 Mf   47  43   0.00049  -0.00154     0.00046   0.00192
 75.555 Mf   48  43  -0.00120  -0.00056    -0.00105   0.00011
 75.555 Mf   49  43  -0.00061   0.00072     0.00023  -0.00110
 75.555 Mf   50  43   0.00072   0.00071     0.00101   0.00007
 75.555 Mf   44  44   0.00173   0.00120     0.00202  -0.00059
 75.555 Mf   45  44  -0.00029  -0.00185    -0.00039   0.00095
 75.555 Mf   46  44  -0.00089   0.00024    -0.00073  -0.00002
 75.555 Mf   47  44   0.00068  -0.00127     0.00033   0.00112
 75.555 Mf   48  44  -0.00049   0.00020    -0.00028   0.00021
 75.555 Mf   49  44  -0.00031  -0.00030    -0.00107   0.00034
 75.555 Mf   50  44  -0.00091  -0.00021    -0.00060  -0.00071
 75.555 Mf   45  45   0.00058   0.00073     0.00063  -0.00041
 75.555 Mf   46  45   0.00163  -0.00103     0.00185   0.00151
 75.555 Mf   47  45  -0.00075   0.00154    -0.00050  -0.00116
 75.555 Mf   48  45   0.00012  -0.00237    -0.00023   0.00192
 75.555 Mf   49  45  -0.00034  -0.00039    -0.00094  -0.00017
 75.555 Mf   50  45  -0.00032   0.00078    -0.00018  -0.00091
 75.555 Mf   46  46  -0.00138  -0.00050    -0.00173   0.00024
 75.555 Mf   47  46   0.00024  -0.00038     0.00076   0.00029
 75.555 Mf   48  46  -0.00170   0.00073    -0.00185  -0.00008
 75.555 Mf   49  46   0.00083  -0.00022     0.00150   0.00039
 75.555 Mf   50  46   0.00099  -0.00048     0.00089   0.00029
 75.555 Mf   47  47  -0.00112  -0.00035    -0.00125   0.00014
 75.555 Mf   48  47  -0.00002  -0.00203    -0.00077   0.00148
 75.555 Mf   49  47  -0.00179  -0.00030    -0.00188   0.00025
 75.555 Mf   50  47  -0.00075   0.00113     0.00012  -0.00084
 75.555 Mf   48  48  -0.00039   0.00098    -0.00007  -0.00097
 75.555 Mf   49  48   0.00190   0.00003     0.00178   0.00037
 75.555 Mf   50  48  -0.00108  -0.00095    -0.00142   0.00024
 75.555 Mf   49  49   0.00000   0.00069     0.00008  -0.00060
 75.555 Mf   50  49   0.00046   0.00207     0.00135  -0.00205
 75.555 Mf   50  50   0.00050   0.00008     0.00008   0.00002