 93.555 Msq   0   0   0.00000   0.00000     0.00000   0.00000
 93.555 Msq   1   0   0.00000   0.00000     0.00000   0.00000
 93.555 Msq   2   0  -0.23598  -0.08122     0.00000   0.00000
 93.555 Msq   3   0   0.02496  -0.00396     0.00000   0.00000
 93.555 Msq   4   0   0.05125  -0.01501     0.00000   0.00000
 93.555 Msq   5   0  -0.01696  -0.01848     0.00000   0.00000
 93.555 Msq   6   0   0.01151  -0.00209     0.00000   0.00000
 93.555 Msq   7   0  -0.01891  -0.01239     0.00000   0.00000
 93.555 Msq   8   0   0.00377   0.00206     0.00000   0.00000
 93.555 Msq   9   0  -0.00987  -0.00509     0.00000   0.00000
 93.555 Msq  10   0  -0.00349   0.00040     0.00000   0.00000
 93.555 Msq  11   0  -0.00357  -0.00023     0.00000   0.00000
 93.555 Msq  12   0  -0.00256  -0.00063     0.00000   0.00000
 93.555 Msq  13   0  -0.00019   0.00058     0.00000   0.00000
 93.555 Msq  14   0  -0.00106  -0.00044     0.00000   0.00000
 93.555 Msq  15   0   0.00178   0.00058     0.00000   0.00000
 93.555 Msq  16   0   0.00005  -0.00025     0.00000   0.00000
 93.555 Msq  17   0   0.00168   0.00089     0.00000   0.00000
 93.555 Msq  18   0   0.00045   0.00002     0.00000   0.00000
 93.555 Msq  19   0   0.00017   0.00012     0.00000   0.00000
 93.555 Msq  20   0   0.00075   0.00032     0.00000   0.00000
 93.555 Msq  21   0  -0.00059  -0.00050     0.00000   0.00000
 93.555 Msq  22   0  -0.00000   0.00000     0.00000   0.00000
 93.555 Msq  23   0  -0.00118  -0.00080     0.00000   0.00000
 93.555 Msq  24   0   0.00034  -0.00006     0.00000   0.00000
 93.555 Msq  25   0  -0.00037  -0.00054     0.00000   0.00000
 93.555 Msq  26   0  -0.00014  -0.00028     0.00000   0.00000
 93.555 Msq  27   0  -0.00016  -0.00026     0.00000   0.00000
 93.555 Msq  28   0   0.00021  -0.00020     0.00000   0.00000
 93.555 Msq  29   0   0.00028   0.00007     0.00000   0.00000
 93.555 Msq  30   0  -0.00002  -0.00014     0.00000   0.00000
 93.555 Msq  31   0  -0.00009   0.00010     0.00000   0.00000
 93.555 Msq  32   0   0.00007   0.00011     0.00000   0.00000
 93.555 Msq  33   0   0.00021   0.00014     0.00000   0.00000
 93.555 Msq  34   0  -0.00003   0.00024     0.00000   0.00000
 93.555 Msq  35   0  -0.00009   0.00008     0.00000   0.00000
 93.555 Msq  36   0  -0.00021   0.00009     0.00000   0.00000
 93.555 Msq  37   0  -0.00003   0.00011     0.00000   0.00000
 93.555 Msq  38   0   0.00020   0.00010     0.00000   0.00000
 93.555 Msq  39   0   0.00008   0.00007     0.00000   0.00000
 93.555 Msq  40   0   0.00010   0.00003     0.00000   0.00000
 93.555 Msq  41   0   0.00000  -0.00000     0.00000   0.00000
 93.555 Msq  42   0  -0.00000   0.00000     0.00000   0.00000
 93.555 Msq  43   0   0.00019   0.00003     0.00000   0.00000
 93.555 Msq  44   0  -0.00019  -0.00001     0.00000   0.00000
 93.555 Msq  45   0   0.00009   0.00002     0.00000   0.00000
 93.555 Msq  46   0  -0.00006  -0.00007     0.00000   0.00000
 93.555 Msq  47   0   0.00005   0.00008     0.00000   0.00000
 93.555 Msq  48   0  -0.00000   0.00000     0.00000   0.00000
 93.555 Msq  49   0   0.00002   0.00008     0.00000   0.00000
 93.555 Msq  50   0   0.00008   0.00003     0.00000   0.00000
 93.555 Msq   1   1   0.00000  -0.00000     0.00000  -0.00000
 93.555 Msq   2   1   0.01128  -0.00928     0.00307   0.00663
 93.555 Msq   3   1   0.00903   0.00455     0.01209  -0.00736
 93.555 Msq   4   1   0.00135   0.00751     0.00169  -0.00480
 93.555 Msq   5   1  -0.01027   0.00655    -0.00516  -0.00776
 93.555 Msq   6   1  -0.00558  -0.00812    -0.00747   0.00734
 93.555 Msq   7   1  -0.00268   0.00265    -0.00026   0.00159
 93.555 Msq   8   1  -0.00052  -0.00282    -0.00502   0.00277
 93.555 Msq   9   1   0.00090   0.00263     0.00092  -0.00008
 93.555 Msq  10   1   0.00078  -0.00087    -0.00149   0.00180
 93.555 Msq  11   1   0.00168   0.00062     0.00088   0.00061
 93.555 Msq  12   1   0.00094  -0.00031     0.00051   0.00042
 93.555 Msq  13   1   0.00240  -0.00046     0.00099   0.00155
 93.555 Msq  14   1   0.00080   0.00031     0.00086  -0.00004
 93.555 Msq  15   1   0.00076  -0.00026     0.00005   0.00080
 93.555 Msq  16   1   0.00001   0.00075     0.00073  -0.00017
 93.555 Msq  17   1   0.00044  -0.00110    -0.00001   0.00119
 93.555 Msq  18   1  -0.00057   0.00036    -0.00019  -0.00041
 93.555 Msq  19   1  -0.00022  -0.00060    -0.00005   0.00043
 93.555 Msq  20   1  -0.00017   0.00011    -0.00009  -0.00018
 93.555 Msq  21   1  -0.00008  -0.00018    -0.00000  -0.00000
 93.555 Msq  22   1  -0.00009  -0.00036     0.00019   0.00001
 93.555 Msq  23   1  -0.00035   0.00005    -0.00030  -0.00044
 93.555 Msq  24   1   0.00006  -0.00068     0.00017   0.00030
 93.555 Msq  25   1  -0.00031   0.00039     0.00018  -0.00046
 93.555 Msq  26   1  -0.00003  -0.00016     0.00000   0.00000
 93.555 Msq  27   1  -0.00033   0.00032     0.00004  -0.00030
 93.555 Msq  28   1  -0.00029   0.00006    -0.00029   0.00004
 93.555 Msq  29   1  -0.00002   0.00014     0.00014  -0.00003
 93.555 Msq  30   1  -0.00028   0.00030    -0.00016  -0.00023
 93.555 Msq  31   1  -0.00013  -0.00002    -0.00018   0.00020
 93.555 Msq  32   1  -0.00023   0.00032    -0.00013  -0.00037
 93.555 Msq  33   1   0.00010  -0.00007    -0.00007   0.00010
 93.555 Msq  34   1   0.00004   0.00012     0.00016  -0.00019
 93.555 Msq  35   1   0.00012  -0.00021    -0.00011   0.00006
 93.555 Msq  36   1   0.00005   0.00010     0.00010  -0.00006
 93.555 Msq  37   1   0.00009  -0.00006    -0.00000  -0.00000
 93.555 Msq  38   1   0.00020  -0.00009     0.00021   0.00008
 93.555 Msq  39   1  -0.00007  -0.00008     0.00001  -0.00011
 93.555 Msq  40   1   0.00010   0.00001     0.00000  -0.00000
 93.555 Msq  41   1  -0.00020  -0.00005    -0.00007  -0.00007
 93.555 Msq  42   1   0.00009  -0.00003     0.00004   0.00020
 93.555 Msq  43   1  -0.00009   0.00003    -0.00005  -0.00008
 93.555 Msq  44   1  -0.00000  -0.00000    -0.00005   0.00008
 93.555 Msq  45   1  -0.00000   0.00000    -0.00009  -0.00001
 93.555 Msq  46   1  -0.00000  -0.00000    -0.00000   0.00000
 93.555 Msq  47   1   0.00008   0.00004     0.00007   0.00005
 93.555 Msq  48   1   0.00000  -0.00000    -0.00000   0.00000
 93.555 Msq  49   1   0.00000   0.00000    -0.00000  -0.00000
 93.555 Msq  50   1   0.00000   0.00000    -0.00000  -0.00000
 93.555 Msq   2   2  -0.01732  -0.00891    -0.00289   0.00223
 93.555 Msq   3   2  -0.01819   0.00060    -0.01391   0.01009
 93.555 Msq   4   2  -0.01467   0.00419    -0.01185  -0.00062
 93.555 Msq   5   2  -0.00587   0.00526    -0.00441  -0.00471
 93.555 Msq   6   2  -0.00279   0.00131    -0.00562  -0.00378
 93.555 Msq   7   2  -0.00176  -0.00204    -0.00269   0.00004
 93.555 Msq   8   2   0.00107  -0.00266    -0.00078   0.00055
 93.555 Msq   9   2   0.00415  -0.00029     0.00227  -0.00044
 93.555 Msq  10   2   0.00195  -0.00191     0.00077  -0.00015
 93.555 Msq  11   2   0.00332  -0.00133     0.00106   0.00096
 93.555 Msq  12   2  -0.00116  -0.00237    -0.00224   0.00055
 93.555 Msq  13   2   0.00182  -0.00025     0.00051   0.00111
 93.555 Msq  14   2  -0.00019  -0.00054    -0.00085  -0.00006
 93.555 Msq  15   2   0.00067  -0.00116    -0.00043   0.00127
 93.555 Msq  16   2  -0.00072   0.00022    -0.00126  -0.00008
 93.555 Msq  17   2  -0.00040  -0.00026    -0.00066   0.00028
 93.555 Msq  18   2  -0.00023   0.00087     0.00007  -0.00045
 93.555 Msq  19   2  -0.00025  -0.00034    -0.00052   0.00038
 93.555 Msq  20   2  -0.00012   0.00017     0.00016  -0.00013
 93.555 Msq  21   2   0.00006   0.00019     0.00005  -0.00019
 93.555 Msq  22   2   0.00000   0.00000     0.00026  -0.00027
 93.555 Msq  23   2   0.00035   0.00005     0.00035   0.00005
 93.555 Msq  24   2   0.00017  -0.00003     0.00000  -0.00000
 93.555 Msq  25   2  -0.00012   0.00031     0.00032  -0.00008
 93.555 Msq  26   2  -0.00031  -0.00009    -0.00032   0.00001
 93.555 Msq  27   2   0.00008   0.00013     0.00015  -0.00003
 93.555 Msq  28   2  -0.00001  -0.00015    -0.00013   0.00006
 93.555 Msq  29   2  -0.00003   0.00014    -0.00014  -0.00003
 93.555 Msq  30   2  -0.00003  -0.00014    -0.00022   0.00017
 93.555 Msq  31   2  -0.00004   0.00013    -0.00000  -0.00000
 93.555 Msq  32   2   0.00012  -0.00004     0.00004   0.00012
 93.555 Msq  33   2  -0.00003  -0.00012    -0.00003  -0.00012
 93.555 Msq  34   2   0.00024  -0.00005     0.00000   0.00000
 93.555 Msq  35   2   0.00004  -0.00011     0.00009  -0.00007
 93.555 Msq  36   2   0.00011  -0.00004     0.00011  -0.00002
 93.555 Msq  37   2  -0.00009  -0.00007     0.00000   0.00000
 93.555 Msq  38   2  -0.00004  -0.00010     0.00000   0.00000
 93.555 Msq  39   2  -0.00002   0.00011     0.00000  -0.00000
 93.555 Msq  40   2  -0.00010   0.00003    -0.00000  -0.00000
 93.555 Msq  41   2  -0.00003   0.00010     0.00010  -0.00000
 93.555 Msq  42   2  -0.00010   0.00003    -0.00000   0.00000
 93.555 Msq  43   2  -0.00001   0.00010     0.00010  -0.00000
 93.555 Msq  44   2  -0.00008   0.00005    -0.00007  -0.00006
 93.555 Msq  45   2   0.00007   0.00007     0.00008   0.00006
 93.555 Msq  46   2   0.00007   0.00006     0.00009  -0.00003
 93.555 Msq  47   2   0.00000  -0.00000     0.00000  -0.00000
 93.555 Msq  48   2   0.00005   0.00007     0.00007  -0.00005
 93.555 Msq  49   2  -0.00004  -0.00008    -0.00008  -0.00002
 93.555 Msq  50   2   0.00008   0.00002     0.00008   0.00001
 93.555 Msq   3   3   0.00464  -0.01549    -0.00100   0.01716
 93.555 Msq   4   3  -0.00469   0.00806    -0.01079  -0.00493
 93.555 Msq   5   3   0.00826   0.00796     0.00572  -0.00824
 93.555 Msq   6   3   0.00481   0.00275     0.00123  -0.00138
 93.555 Msq   7   3   0.00372   0.00063     0.00622  -0.00175
 93.555 Msq   8   3  -0.00126   0.00203    -0.00283  -0.00046
 93.555 Msq   9   3  -0.00134  -0.00036     0.00022  -0.00137
 93.555 Msq  10   3   0.00099   0.00121     0.00008  -0.00038
 93.555 Msq  11   3   0.00042  -0.00058     0.00058   0.00131
 93.555 Msq  12   3  -0.00125  -0.00305    -0.00130   0.00101
 93.555 Msq  13   3  -0.00083   0.00129    -0.00072   0.00057
 93.555 Msq  14   3  -0.00033  -0.00168    -0.00044   0.00036
 93.555 Msq  15   3   0.00006   0.00080     0.00013  -0.00023
 93.555 Msq  16   3  -0.00036  -0.00147    -0.00061   0.00080
 93.555 Msq  17   3   0.00061   0.00073     0.00099  -0.00065
 93.555 Msq  18   3  -0.00072  -0.00086    -0.00156   0.00019
 93.555 Msq  19   3   0.00082   0.00024     0.00107  -0.00009
 93.555 Msq  20   3  -0.00010  -0.00039    -0.00061  -0.00005
 93.555 Msq  21   3   0.00054   0.00023     0.00058   0.00009
 93.555 Msq  22   3  -0.00048  -0.00029    -0.00050  -0.00025
 93.555 Msq  23   3   0.00035   0.00007     0.00023   0.00027
 93.555 Msq  24   3  -0.00022  -0.00026     0.00003  -0.00017
 93.555 Msq  25   3   0.00033   0.00003     0.00032   0.00006
 93.555 Msq  26   3  -0.00047  -0.00010    -0.00053  -0.00036
 93.555 Msq  27   3   0.00000  -0.00015     0.00000   0.00000
 93.555 Msq  28   3  -0.00030   0.00001    -0.00019  -0.00023
 93.555 Msq  29   3   0.00019  -0.00022     0.00005   0.00013
 93.555 Msq  30   3  -0.00027  -0.00008    -0.00022  -0.00016
 93.555 Msq  31   3  -0.00000   0.00000    -0.00011   0.00007
 93.555 Msq  32   3   0.00000  -0.00000    -0.00003  -0.00013
 93.555 Msq  33   3  -0.00012  -0.00004    -0.00009   0.00009
 93.555 Msq  34   3   0.00024  -0.00006     0.00005   0.00011
 93.555 Msq  35   3  -0.00010   0.00006     0.00001  -0.00012
 93.555 Msq  36   3   0.00012   0.00001     0.00000   0.00012
 93.555 Msq  37   3  -0.00004   0.00011     0.00005  -0.00010
 93.555 Msq  38   3   0.00010  -0.00003     0.00002   0.00011
 93.555 Msq  39   3  -0.00006   0.00009    -0.00001  -0.00011
 93.555 Msq  40   3   0.00010  -0.00001     0.00001   0.00010
 93.555 Msq  41   3  -0.00004   0.00009    -0.00000  -0.00000
 93.555 Msq  42   3   0.00002  -0.00010    -0.00003   0.00010
 93.555 Msq  43   3   0.00000   0.00000     0.00000  -0.00000
 93.555 Msq  44   3   0.00009  -0.00004     0.00000   0.00000
 93.555 Msq  45   3   0.00018   0.00005     0.00009   0.00002
 93.555 Msq  46   3  -0.00000  -0.00000    -0.00000  -0.00000
 93.555 Msq  47   3  -0.00000  -0.00009    -0.00002   0.00009
 93.555 Msq  48   3   0.00006   0.00006     0.00009   0.00001
 93.555 Msq  49   3   0.00005   0.00007     0.00000  -0.00000
 93.555 Msq  50   3  -0.00003   0.00008     0.00000  -0.00000
 93.555 Msq   4   4   0.00723  -0.01439     0.00153   0.01603
 93.555 Msq   5   4  -0.00290   0.00211    -0.00510  -0.00601
 93.555 Msq   6   4  -0.00151   0.00269     0.00031  -0.00615
 93.555 Msq   7   4   0.00355   0.00244     0.00317   0.00060
 93.555 Msq   8   4   0.00130  -0.00140     0.00071   0.00064
 93.555 Msq   9   4  -0.00179   0.00048    -0.00229   0.00030
 93.555 Msq  10   4  -0.00130   0.00145    -0.00165  -0.00217
 93.555 Msq  11   4   0.00105  -0.00096     0.00067  -0.00083
 93.555 Msq  12   4  -0.00126  -0.00106    -0.00105   0.00079
 93.555 Msq  13   4   0.00021  -0.00121    -0.00001   0.00031
 93.555 Msq  14   4  -0.00028  -0.00003    -0.00057   0.00003
 93.555 Msq  15   4  -0.00058  -0.00056    -0.00019   0.00019
 93.555 Msq  16   4   0.00069  -0.00073     0.00070   0.00072
 93.555 Msq  17   4  -0.00006  -0.00023     0.00032   0.00064
 93.555 Msq  18   4  -0.00045  -0.00005     0.00021  -0.00009
 93.555 Msq  19   4   0.00036   0.00023     0.00035   0.00024
 93.555 Msq  20   4   0.00002  -0.00041     0.00017   0.00037
 93.555 Msq  21   4  -0.00000  -0.00000     0.00006   0.00038
 93.555 Msq  22   4   0.00006  -0.00018    -0.00004   0.00018
 93.555 Msq  23   4  -0.00034   0.00011    -0.00002  -0.00018
 93.555 Msq  24   4   0.00016  -0.00030    -0.00020   0.00028
 93.555 Msq  25   4  -0.00048   0.00012    -0.00019  -0.00046
 93.555 Msq  26   4  -0.00003  -0.00016    -0.00013   0.00009
 93.555 Msq  27   4  -0.00020   0.00023    -0.00006  -0.00030
 93.555 Msq  28   4  -0.00012  -0.00027    -0.00027   0.00011
 93.555 Msq  29   4   0.00010   0.00010     0.00019  -0.00022
 93.555 Msq  30   4  -0.00004  -0.00013     0.00000  -0.00000
 93.555 Msq  31   4   0.00006   0.00012     0.00012  -0.00006
 93.555 Msq  32   4  -0.00007  -0.00011    -0.00012  -0.00006
 93.555 Msq  33   4   0.00018   0.00033     0.00023  -0.00009
 93.555 Msq  34   4  -0.00010  -0.00006    -0.00011  -0.00006
 93.555 Msq  35   4   0.00007   0.00010     0.00011  -0.00005
 93.555 Msq  36   4  -0.00012   0.00000    -0.00012  -0.00002
 93.555 Msq  37   4   0.00008   0.00008     0.00011  -0.00003
 93.555 Msq  38   4  -0.00000   0.00000    -0.00011  -0.00001
 93.555 Msq  39   4  -0.00011  -0.00001     0.00000   0.00011
 93.555 Msq  40   4   0.00006  -0.00009    -0.00000   0.00000
 93.555 Msq  41   4   0.00009  -0.00004     0.00007   0.00008
 93.555 Msq  42   4   0.00010   0.00001     0.00009   0.00005
 93.555 Msq  43   4  -0.00001  -0.00010    -0.00008   0.00006
 93.555 Msq  44   4   0.00008  -0.00005     0.00001   0.00009
 93.555 Msq  45   4   0.00000  -0.00000    -0.00000  -0.00000
 93.555 Msq  46   4   0.00000  -0.00000    -0.00000  -0.00000
 93.555 Msq  47   4  -0.00000   0.00000    -0.00009  -0.00001
 93.555 Msq  48   4  -0.00007  -0.00005    -0.00009   0.00001
 93.555 Msq  49   4  -0.00008   0.00003    -0.00007  -0.00005
 93.555 Msq  50   4  -0.00007   0.00004    -0.00002  -0.00008
 93.555 Msq   5   5   0.00372  -0.00436    -0.00029   0.00573
 93.555 Msq   6   5  -0.00128  -0.00133     0.00079  -0.00167
 93.555 Msq   7   5  -0.00216   0.00434    -0.00197  -0.00086
 93.555 Msq   8   5   0.00117  -0.00262     0.00023   0.00093
 93.555 Msq   9   5  -0.00121   0.00068    -0.00102   0.00207
 93.555 Msq  10   5  -0.00019   0.00076    -0.00029  -0.00232
 93.555 Msq  11   5   0.00065  -0.00030    -0.00002   0.00036
 93.555 Msq  12   5  -0.00053  -0.00083     0.00089  -0.00043
 93.555 Msq  13   5   0.00004   0.00030     0.00004  -0.00061
 93.555 Msq  14   5  -0.00079  -0.00033     0.00027  -0.00010
 93.555 Msq  15   5  -0.00033   0.00073     0.00030  -0.00103
 93.555 Msq  16   5  -0.00046  -0.00021    -0.00000  -0.00000
 93.555 Msq  17   5  -0.00020  -0.00043     0.00069  -0.00019
 93.555 Msq  18   5  -0.00066   0.00012    -0.00067  -0.00012
 93.555 Msq  19   5  -0.00011  -0.00041    -0.00003   0.00021
 93.555 Msq  20   5  -0.00081   0.00006    -0.00030  -0.00053
 93.555 Msq  21   5   0.00039  -0.00000     0.00017   0.00010
 93.555 Msq  22   5  -0.00070  -0.00025    -0.00043  -0.00035
 93.555 Msq  23   5  -0.00000  -0.00000    -0.00018   0.00002
 93.555 Msq  24   5  -0.00046  -0.00051    -0.00045  -0.00024
 93.555 Msq  25   5   0.00014   0.00030     0.00032  -0.00010
 93.555 Msq  26   5  -0.00004  -0.00015    -0.00013  -0.00010
 93.555 Msq  27   5   0.00002   0.00015     0.00025  -0.00017
 93.555 Msq  28   5  -0.00015  -0.00001    -0.00012  -0.00008
 93.555 Msq  29   5   0.00029   0.00001     0.00026  -0.00011
 93.555 Msq  30   5   0.00000   0.00000     0.00011  -0.00008
 93.555 Msq  31   5   0.00012  -0.00006    -0.00007   0.00011
 93.555 Msq  32   5  -0.00010   0.00008    -0.00002  -0.00026
 93.555 Msq  33   5   0.00000   0.00000    -0.00005   0.00012
 93.555 Msq  34   5   0.00000   0.00000    -0.00000   0.00000
 93.555 Msq  35   5  -0.00005  -0.00011    -0.00010   0.00006
 93.555 Msq  36   5  -0.00021   0.00009    -0.00012   0.00001
 93.555 Msq  37   5  -0.00000  -0.00000    -0.00003   0.00011
 93.555 Msq  38   5  -0.00005   0.00010     0.00011   0.00002
 93.555 Msq  39   5   0.00003  -0.00010    -0.00001   0.00011
 93.555 Msq  40   5   0.00001   0.00010     0.00009   0.00006
 93.555 Msq  41   5   0.00000   0.00000     0.00009  -0.00005
 93.555 Msq  42   5   0.00010  -0.00003     0.00008   0.00006
 93.555 Msq  43   5   0.00004   0.00009     0.00009  -0.00004
 93.555 Msq  44   5  -0.00006  -0.00008    -0.00010   0.00000
 93.555 Msq  45   5  -0.00001   0.00009     0.00005  -0.00008
 93.555 Msq  46   5  -0.00003  -0.00009    -0.00009  -0.00003
 93.555 Msq  47   5  -0.00000  -0.00000     0.00000  -0.00000
 93.555 Msq  48   5  -0.00002  -0.00008    -0.00006   0.00007
 93.555 Msq  49   5  -0.00000  -0.00000    -0.00000  -0.00000
 93.555 Msq  50   5  -0.00005  -0.00007    -0.00005   0.00007
 93.555 Msq   6   6   0.00004  -0.00185    -0.00008   0.00061
 93.555 Msq   7   6  -0.00106   0.00122    -0.00038  -0.00157
 93.555 Msq   8   6   0.00231  -0.00063    -0.00025  -0.00041
 93.555 Msq   9   6   0.00084  -0.00265     0.00067   0.00122
 93.555 Msq  10   6   0.00249   0.00188     0.00044  -0.00190
 93.555 Msq  11   6   0.00000   0.00000     0.00010  -0.00143
 93.555 Msq  12   6   0.00095   0.00028     0.00060   0.00028
 93.555 Msq  13   6   0.00029   0.00011     0.00000   0.00000
 93.555 Msq  14   6  -0.00057   0.00004    -0.00019   0.00021
 93.555 Msq  15   6  -0.00080   0.00004    -0.00093  -0.00052
 93.555 Msq  16   6  -0.00027  -0.00042     0.00011   0.00023
 93.555 Msq  17   6  -0.00038  -0.00028    -0.00024   0.00000
 93.555 Msq  18   6  -0.00074  -0.00051    -0.00040  -0.00020
 93.555 Msq  19   6  -0.00066   0.00054    -0.00006  -0.00042
 93.555 Msq  20   6  -0.00019  -0.00008    -0.00030  -0.00028
 93.555 Msq  21   6  -0.00037  -0.00012     0.00016  -0.00010
 93.555 Msq  22   6   0.00018   0.00004     0.00005  -0.00018
 93.555 Msq  23   6  -0.00011   0.00014     0.00014  -0.00052
 93.555 Msq  24   6  -0.00015  -0.00031     0.00000   0.00000
 93.555 Msq  25   6   0.00016  -0.00004     0.00001  -0.00016
 93.555 Msq  26   6  -0.00023  -0.00022    -0.00013   0.00010
 93.555 Msq  27   6   0.00007   0.00030     0.00010  -0.00011
 93.555 Msq  28   6  -0.00012  -0.00009    -0.00030   0.00001
 93.555 Msq  29   6  -0.00014   0.00025    -0.00012  -0.00008
 93.555 Msq  30   6  -0.00014   0.00002    -0.00014  -0.00024
 93.555 Msq  31   6   0.00002   0.00013     0.00000   0.00000
 93.555 Msq  32   6  -0.00013  -0.00023    -0.00013  -0.00000
 93.555 Msq  33   6  -0.00011   0.00006    -0.00000  -0.00000
 93.555 Msq  34   6  -0.00007  -0.00010    -0.00012   0.00004
 93.555 Msq  35   6   0.00012  -0.00002     0.00012  -0.00002
 93.555 Msq  36   6   0.00005  -0.00011    -0.00005   0.00010
 93.555 Msq  37   6  -0.00000   0.00000     0.00000  -0.00000
 93.555 Msq  38   6  -0.00000  -0.00000    -0.00009  -0.00007
 93.555 Msq  39   6   0.00008   0.00007     0.00010   0.00004
 93.555 Msq  40   6  -0.00010  -0.00003    -0.00000  -0.00000
 93.555 Msq  41   6   0.00002   0.00010     0.00000  -0.00000
 93.555 Msq  42   6  -0.00020   0.00000    -0.00008  -0.00006
 93.555 Msq  43   6   0.00002   0.00010     0.00000  -0.00000
 93.555 Msq  44   6  -0.00006  -0.00007    -0.00009   0.00004
 93.555 Msq  45   6   0.00000  -0.00000     0.00008   0.00004
 93.555 Msq  46   6  -0.00008  -0.00005    -0.00006  -0.00007
 93.555 Msq  47   6   0.00002  -0.00009     0.00006   0.00007
 93.555 Msq  48   6   0.00002  -0.00009    -0.00006   0.00007
 93.555 Msq  49   6   0.00005  -0.00007     0.00000   0.00000
 93.555 Msq  50   6  -0.00000   0.00000    -0.00000  -0.00000
 93.555 Msq   7   7   0.00035   0.00158     0.00148  -0.00156
 93.555 Msq   8   7  -0.00177   0.00073    -0.00236  -0.00039
 93.555 Msq   9   7  -0.00027  -0.00230    -0.00043   0.00017
 93.555 Msq  10   7  -0.00010   0.00195     0.00074   0.00025
 93.555 Msq  11   7   0.00091  -0.00233     0.00036  -0.00000
 93.555 Msq  12   7  -0.00075   0.00065     0.00020   0.00097
 93.555 Msq  13   7  -0.00018  -0.00058    -0.00064  -0.00066
 93.555 Msq  14   7  -0.00061  -0.00060    -0.00051   0.00069
 93.555 Msq  15   7  -0.00008   0.00053    -0.00041  -0.00069
 93.555 Msq  16   7  -0.00040   0.00030    -0.00014  -0.00048
 93.555 Msq  17   7   0.00037  -0.00030     0.00010   0.00047
 93.555 Msq  18   7  -0.00034   0.00029     0.00001  -0.00022
 93.555 Msq  19   7   0.00012   0.00018     0.00020   0.00009
 93.555 Msq  20   7  -0.00025   0.00056     0.00019  -0.00079
 93.555 Msq  21   7   0.00017   0.00035     0.00035  -0.00016
 93.555 Msq  22   7  -0.00034   0.00016     0.00016  -0.00009
 93.555 Msq  23   7   0.00004  -0.00017     0.00011   0.00014
 93.555 Msq  24   7  -0.00013   0.00011    -0.00003  -0.00017
 93.555 Msq  25   7  -0.00016  -0.00005     0.00016   0.00003
 93.555 Msq  26   7  -0.00015   0.00004    -0.00000  -0.00000
 93.555 Msq  27   7  -0.00015  -0.00002    -0.00004   0.00015
 93.555 Msq  28   7  -0.00014  -0.00004    -0.00015  -0.00002
 93.555 Msq  29   7   0.00009   0.00011    -0.00014   0.00003
 93.555 Msq  30   7  -0.00024   0.00013    -0.00001  -0.00014
 93.555 Msq  31   7   0.00025   0.00009     0.00004   0.00013
 93.555 Msq  32   7   0.00013   0.00003     0.00012   0.00004
 93.555 Msq  33   7   0.00000   0.00013     0.00012  -0.00004
 93.555 Msq  34   7   0.00024   0.00002     0.00010   0.00007
 93.555 Msq  35   7   0.00000   0.00000     0.00024   0.00003
 93.555 Msq  36   7   0.00011   0.00004     0.00010   0.00005
 93.555 Msq  37   7  -0.00000  -0.00000     0.00008  -0.00008
 93.555 Msq  38   7   0.00008   0.00008     0.00009   0.00006
 93.555 Msq  39   7  -0.00000  -0.00000     0.00000  -0.00000
 93.555 Msq  40   7  -0.00009  -0.00005     0.00002   0.00010
 93.555 Msq  41   7  -0.00009   0.00004     0.00000  -0.00000
 93.555 Msq  42   7  -0.00004  -0.00009    -0.00000   0.00000
 93.555 Msq  43   7  -0.00009  -0.00003    -0.00000  -0.00000
 93.555 Msq  44   7  -0.00007  -0.00007    -0.00000  -0.00000
 93.555 Msq  45   7  -0.00000  -0.00000     0.00000   0.00000
 93.555 Msq  46   7  -0.00009  -0.00001     0.00001  -0.00009
 93.555 Msq  47   7  -0.00000   0.00000     0.00003  -0.00008
 93.555 Msq  48   7   0.00000   0.00000     0.00000  -0.00000
 93.555 Msq  49   7  -0.00000   0.00000     0.00002  -0.00008
 93.555 Msq  50   7  -0.00000  -0.00000    -0.00000  -0.00000
 93.555 Msq   8   8   0.00060   0.00231     0.00156  -0.00181
 93.555 Msq   9   8   0.00026   0.00089    -0.00082   0.00042
 93.555 Msq  10   8  -0.00234  -0.00140    -0.00110  -0.00039
 93.555 Msq  11   8   0.00069   0.00020     0.00016   0.00032
 93.555 Msq  12   8  -0.00046  -0.00124     0.00005   0.00066
 93.555 Msq  13   8   0.00006  -0.00061     0.00001  -0.00031
 93.555 Msq  14   8  -0.00085   0.00008    -0.00142  -0.00011
 93.555 Msq  15   8  -0.00003  -0.00027    -0.00007  -0.00026
 93.555 Msq  16   8   0.00075  -0.00001    -0.00043  -0.00026
 93.555 Msq  17   8  -0.00022   0.00010     0.00000  -0.00000
 93.555 Msq  18   8  -0.00040  -0.00021    -0.00081  -0.00038
 93.555 Msq  19   8   0.00008   0.00020    -0.00043  -0.00000
 93.555 Msq  20   8  -0.00020  -0.00036    -0.00005  -0.00020
 93.555 Msq  21   8   0.00019   0.00004    -0.00018  -0.00006
 93.555 Msq  22   8   0.00017  -0.00008     0.00035   0.00013
 93.555 Msq  23   8   0.00002  -0.00018    -0.00018   0.00003
 93.555 Msq  24   8   0.00010   0.00014     0.00017   0.00003
 93.555 Msq  25   8   0.00016  -0.00005     0.00032   0.00009
 93.555 Msq  26   8  -0.00031  -0.00006    -0.00000  -0.00000
 93.555 Msq  27   8   0.00006  -0.00014     0.00014   0.00006
 93.555 Msq  28   8  -0.00010   0.00028     0.00009  -0.00012
 93.555 Msq  29   8   0.00000  -0.00000     0.00014  -0.00000
 93.555 Msq  30   8  -0.00014   0.00002    -0.00010  -0.00010
 93.555 Msq  31   8  -0.00013   0.00002     0.00000  -0.00000
 93.555 Msq  32   8  -0.00001   0.00013     0.00015  -0.00021
 93.555 Msq  33   8   0.00004   0.00012     0.00011  -0.00006
 93.555 Msq  34   8  -0.00012   0.00004     0.00010  -0.00007
 93.555 Msq  35   8  -0.00002   0.00012     0.00021  -0.00011
 93.555 Msq  36   8  -0.00011   0.00002     0.00011  -0.00004
 93.555 Msq  37   8  -0.00000  -0.00000     0.00011   0.00002
 93.555 Msq  38   8  -0.00010  -0.00004     0.00011   0.00002
 93.555 Msq  39   8  -0.00000   0.00000     0.00011  -0.00002
 93.555 Msq  40   8  -0.00008  -0.00006     0.00010   0.00002
 93.555 Msq  41   8   0.00000  -0.00000     0.00010   0.00003
 93.555 Msq  42   8  -0.00000  -0.00000     0.00010  -0.00001
 93.555 Msq  43   8  -0.00010   0.00002    -0.00006  -0.00008
 93.555 Msq  44   8   0.00004   0.00009     0.00009  -0.00003
 93.555 Msq  45   8  -0.00000   0.00000     0.00000   0.00000
 93.555 Msq  46   8   0.00003   0.00009     0.00005  -0.00008
 93.555 Msq  47   8  -0.00000   0.00000    -0.00006  -0.00006
 93.555 Msq  48   8  -0.00004   0.00008     0.00000  -0.00000
 93.555 Msq  49   8  -0.00003  -0.00008    -0.00008  -0.00004
 93.555 Msq  50   8  -0.00008   0.00004     0.00000   0.00000
 93.555 Msq   9   9   0.00090   0.00162     0.00078  -0.00168
 93.555 Msq  10   9  -0.00090  -0.00127    -0.00117   0.00006
 93.555 Msq  11   9  -0.00078   0.00074     0.00000  -0.00000
 93.555 Msq  12   9   0.00116  -0.00117     0.00030  -0.00014
 93.555 Msq  13   9   0.00017   0.00121     0.00015  -0.00027
 93.555 Msq  14   9   0.00001  -0.00057     0.00014  -0.00055
 93.555 Msq  15   9   0.00016   0.00079     0.00013  -0.00024
 93.555 Msq  16   9  -0.00028   0.00070     0.00028  -0.00097
 93.555 Msq  17   9   0.00036  -0.00031     0.00094   0.00014
 93.555 Msq  18   9   0.00008  -0.00044     0.00000  -0.00000
 93.555 Msq  19   9  -0.00021  -0.00006     0.00017  -0.00039
 93.555 Msq  20   9   0.00020   0.00001     0.00025  -0.00056
 93.555 Msq  21   9  -0.00005   0.00019     0.00037  -0.00011
 93.555 Msq  22   9   0.00039  -0.00040     0.00031   0.00021
 93.555 Msq  23   9  -0.00032  -0.00015    -0.00018  -0.00001
 93.555 Msq  24   9   0.00012   0.00012     0.00017  -0.00002
 93.555 Msq  25   9  -0.00003   0.00016     0.00011  -0.00031
 93.555 Msq  26   9   0.00004  -0.00015    -0.00001   0.00016
 93.555 Msq  27   9  -0.00022   0.00022    -0.00013   0.00009
 93.555 Msq  28   9  -0.00004  -0.00029    -0.00019   0.00022
 93.555 Msq  29   9   0.00001   0.00014     0.00002  -0.00014
 93.555 Msq  30   9   0.00000   0.00000     0.00021   0.00018
 93.555 Msq  31   9   0.00010  -0.00009     0.00004   0.00013
 93.555 Msq  32   9   0.00008  -0.00010     0.00003   0.00013
 93.555 Msq  33   9  -0.00011   0.00006     0.00012  -0.00004
 93.555 Msq  34   9   0.00006   0.00011     0.00007  -0.00010
 93.555 Msq  35   9   0.00010   0.00006     0.00012   0.00002
 93.555 Msq  36   9  -0.00012   0.00002    -0.00000   0.00000
 93.555 Msq  37   9   0.00011  -0.00001     0.00007   0.00009
 93.555 Msq  38   9  -0.00009   0.00006     0.00003  -0.00011
 93.555 Msq  39   9   0.00010   0.00005     0.00007   0.00008
 93.555 Msq  40   9  -0.00010  -0.00004    -0.00000  -0.00011
 93.555 Msq  41   9   0.00000  -0.00000     0.00001   0.00010
 93.555 Msq  42   9  -0.00008  -0.00007     0.00003  -0.00010
 93.555 Msq  43   9   0.00005  -0.00009    -0.00000   0.00000
 93.555 Msq  44   9  -0.00010   0.00001     0.00001  -0.00010
 93.555 Msq  45   9  -0.00004  -0.00018    -0.00009   0.00001
 93.555 Msq  46   9  -0.00000  -0.00000    -0.00000  -0.00000
 93.555 Msq  47   9  -0.00001  -0.00009    -0.00009  -0.00003
 93.555 Msq  48   9  -0.00000  -0.00000    -0.00006  -0.00006
 93.555 Msq  49   9  -0.00008  -0.00004    -0.00009  -0.00001
 93.555 Msq  50   9  -0.00000  -0.00000    -0.00000  -0.00000
 93.555 Msq  10  10  -0.00039  -0.00006    -0.00082  -0.00083
 93.555 Msq  11  10  -0.00141  -0.00109    -0.00135   0.00117
 93.555 Msq  12  10   0.00110   0.00073     0.00066  -0.00000
 93.555 Msq  13  10  -0.00058   0.00019     0.00015  -0.00059
 93.555 Msq  14  10   0.00036  -0.00045    -0.00012   0.00026
 93.555 Msq  15  10  -0.00039  -0.00070     0.00020   0.00078
 93.555 Msq  16  10  -0.00006  -0.00024    -0.00005  -0.00025
 93.555 Msq  17  10  -0.00046   0.00012    -0.00032   0.00035
 93.555 Msq  18  10  -0.00026  -0.00036     0.00008   0.00021
 93.555 Msq  19  10  -0.00036  -0.00024    -0.00070   0.00050
 93.555 Msq  20  10  -0.00040  -0.00005    -0.00040  -0.00006
 93.555 Msq  21  10  -0.00039  -0.00000    -0.00019  -0.00005
 93.555 Msq  22  10   0.00015   0.00011    -0.00006   0.00018
 93.555 Msq  23  10   0.00010  -0.00034     0.00012   0.00034
 93.555 Msq  24  10  -0.00034   0.00002    -0.00047   0.00021
 93.555 Msq  25  10   0.00015  -0.00029     0.00015  -0.00006
 93.555 Msq  26  10   0.00011  -0.00012     0.00003   0.00016
 93.555 Msq  27  10   0.00025  -0.00018     0.00008   0.00013
 93.555 Msq  28  10   0.00017  -0.00024     0.00003   0.00014
 93.555 Msq  29  10   0.00011  -0.00009    -0.00010   0.00011
 93.555 Msq  30  10   0.00026  -0.00009     0.00027  -0.00006
 93.555 Msq  31  10   0.00007  -0.00012    -0.00003   0.00013
 93.555 Msq  32  10  -0.00000  -0.00000    -0.00000  -0.00000
 93.555 Msq  33  10   0.00000  -0.00000    -0.00004   0.00012
 93.555 Msq  34  10  -0.00005   0.00011    -0.00012   0.00000
 93.555 Msq  35  10   0.00000   0.00000     0.00000   0.00000
 93.555 Msq  36  10   0.00000   0.00000    -0.00011  -0.00002
 93.555 Msq  37  10  -0.00000  -0.00000    -0.00006   0.00010
 93.555 Msq  38  10   0.00011  -0.00000     0.00000   0.00000
 93.555 Msq  39  10   0.00007  -0.00008    -0.00005   0.00009
 93.555 Msq  40  10   0.00001   0.00010     0.00010  -0.00004
 93.555 Msq  41  10   0.00005  -0.00009    -0.00000   0.00000
 93.555 Msq  42  10  -0.00004  -0.00009    -0.00002   0.00010
 93.555 Msq  43  10  -0.00007  -0.00006    -0.00010  -0.00000
 93.555 Msq  44  10  -0.00000   0.00000     0.00003  -0.00009
 93.555 Msq  45  10  -0.00000  -0.00000    -0.00000   0.00000
 93.555 Msq  46  10  -0.00006  -0.00007    -0.00009  -0.00001
 93.555 Msq  47  10  -0.00000  -0.00000    -0.00000   0.00000
 93.555 Msq  48  10  -0.00000   0.00000     0.00000  -0.00000
 93.555 Msq  49  10   0.00000   0.00000     0.00000  -0.00000
 93.555 Msq  50  10  -0.00000  -0.00000    -0.00008   0.00003
 93.555 Msq  11  11  -0.00028   0.00023     0.00031  -0.00018
 93.555 Msq  12  11   0.00023  -0.00062    -0.00054   0.00083
 93.555 Msq  13  11  -0.00030  -0.00004     0.00006  -0.00030
 93.555 Msq  14  11   0.00024   0.00082     0.00026  -0.00051
 93.555 Msq  15  11  -0.00075  -0.00076    -0.00025   0.00010
 93.555 Msq  16  11  -0.00012   0.00049    -0.00011   0.00023
 93.555 Msq  17  11  -0.00047   0.00002    -0.00047  -0.00005
 93.555 Msq  18  11   0.00061   0.00030     0.00022  -0.00004
 93.555 Msq  19  11   0.00052   0.00038     0.00015  -0.00015
 93.555 Msq  20  11  -0.00000   0.00000     0.00000  -0.00000
 93.555 Msq  21  11  -0.00005   0.00039     0.00000  -0.00039
 93.555 Msq  22  11   0.00035   0.00012     0.00032   0.00018
 93.555 Msq  23  11   0.00018  -0.00031     0.00014   0.00012
 93.555 Msq  24  11   0.00033   0.00007     0.00000   0.00000
 93.555 Msq  25  11  -0.00005   0.00016     0.00008  -0.00032
 93.555 Msq  26  11   0.00005  -0.00015    -0.00000   0.00000
 93.555 Msq  27  11   0.00003  -0.00031     0.00003   0.00015
 93.555 Msq  28  11  -0.00026  -0.00014    -0.00013   0.00006
 93.555 Msq  29  11  -0.00003   0.00014    -0.00007  -0.00013
 93.555 Msq  30  11  -0.00028   0.00003    -0.00000  -0.00000
 93.555 Msq  31  11   0.00001  -0.00013    -0.00005   0.00013
 93.555 Msq  32  11  -0.00012  -0.00004    -0.00013  -0.00001
 93.555 Msq  33  11  -0.00007  -0.00010    -0.00000   0.00000
 93.555 Msq  34  11  -0.00009  -0.00008    -0.00012   0.00004
 93.555 Msq  35  11   0.00009  -0.00008     0.00009   0.00022
 93.555 Msq  36  11   0.00005  -0.00011     0.00007   0.00009
 93.555 Msq  37  11   0.00008  -0.00008     0.00002   0.00011
 93.555 Msq  38  11  -0.00000  -0.00000    -0.00000  -0.00000
 93.555 Msq  39  11   0.00000   0.00000     0.00000  -0.00000
 93.555 Msq  40  11  -0.00000   0.00000    -0.00002  -0.00010
 93.555 Msq  41  11   0.00007  -0.00008     0.00000   0.00000
 93.555 Msq  42  11  -0.00009   0.00005    -0.00004  -0.00009
 93.555 Msq  43  11  -0.00009   0.00003    -0.00000  -0.00000
 93.555 Msq  44  11  -0.00014   0.00013    -0.00001  -0.00010
 93.555 Msq  45  11  -0.00000  -0.00000     0.00000   0.00000
 93.555 Msq  46  11  -0.00009  -0.00000    -0.00005  -0.00008
 93.555 Msq  47  11  -0.00006   0.00007     0.00009   0.00001
 93.555 Msq  48  11  -0.00009  -0.00002     0.00000  -0.00000
 93.555 Msq  49  11  -0.00000   0.00000    -0.00000   0.00000
 93.555 Msq  50  11  -0.00000   0.00000     0.00008  -0.00004
 93.555 Msq  12  12   0.00113   0.00120     0.00137  -0.00091
 93.555 Msq  13  12  -0.00000   0.00000     0.00023  -0.00020
 93.555 Msq  14  12  -0.00044   0.00037     0.00043  -0.00037
 93.555 Msq  15  12   0.00095   0.00050     0.00001  -0.00027
 93.555 Msq  16  12  -0.00069  -0.00030    -0.00016   0.00020
 93.555 Msq  17  12   0.00075   0.00059    -0.00032  -0.00035
 93.555 Msq  18  12   0.00019  -0.00011    -0.00008   0.00021
 93.555 Msq  19  12   0.00027   0.00033     0.00027  -0.00058
 93.555 Msq  20  12  -0.00000  -0.00000     0.00000   0.00020
 93.555 Msq  21  12  -0.00018   0.00007     0.00000  -0.00019
 93.555 Msq  22  12   0.00000   0.00000    -0.00017   0.00008
 93.555 Msq  23  12  -0.00018  -0.00000    -0.00054  -0.00001
 93.555 Msq  24  12   0.00020  -0.00028     0.00006   0.00016
 93.555 Msq  25  12  -0.00026  -0.00021    -0.00049   0.00008
 93.555 Msq  26  12  -0.00005  -0.00015    -0.00000   0.00000
 93.555 Msq  27  12  -0.00005  -0.00014    -0.00007   0.00013
 93.555 Msq  28  12  -0.00003  -0.00044    -0.00018   0.00024
 93.555 Msq  29  12  -0.00025  -0.00014    -0.00025   0.00013
 93.555 Msq  30  12  -0.00000   0.00000    -0.00013  -0.00006
 93.555 Msq  31  12   0.00000  -0.00000     0.00000   0.00000
 93.555 Msq  32  12  -0.00011  -0.00024    -0.00017   0.00019
 93.555 Msq  33  12   0.00000  -0.00000     0.00000   0.00000
 93.555 Msq  34  12   0.00000  -0.00000    -0.00002   0.00012
 93.555 Msq  35  12   0.00005   0.00011     0.00009  -0.00008
 93.555 Msq  36  12   0.00011  -0.00004     0.00007   0.00009
 93.555 Msq  37  12  -0.00003   0.00011    -0.00011  -0.00002
 93.555 Msq  38  12   0.00011  -0.00001     0.00003   0.00010
 93.555 Msq  39  12   0.00002   0.00011    -0.00009  -0.00006
 93.555 Msq  40  12   0.00000   0.00010    -0.00000   0.00000
 93.555 Msq  41  12  -0.00007   0.00008    -0.00000  -0.00010
 93.555 Msq  42  12   0.00000  -0.00000    -0.00005   0.00009
 93.555 Msq  43  12  -0.00000  -0.00000     0.00000   0.00000
 93.555 Msq  44  12  -0.00000   0.00000    -0.00000   0.00000
 93.555 Msq  45  12  -0.00000   0.00000    -0.00000  -0.00000
 93.555 Msq  46  12  -0.00000  -0.00000     0.00000   0.00000
 93.555 Msq  47  12  -0.00000   0.00000     0.00000   0.00000
 93.555 Msq  48  12  -0.00005   0.00007    -0.00000  -0.00000
 93.555 Msq  49  12  -0.00002   0.00008     0.00007  -0.00005
 93.555 Msq  50  12  -0.00000   0.00000    -0.00000  -0.00000
 93.555 Msq  13  13   0.00036   0.00084     0.00045  -0.00041
 93.555 Msq  14  13   0.00034   0.00046     0.00031  -0.00080
 93.555 Msq  15  13  -0.00032   0.00102     0.00005  -0.00026
 93.555 Msq  16  13   0.00029  -0.00070     0.00003   0.00025
 93.555 Msq  17  13  -0.00000   0.00000    -0.00022   0.00042
 93.555 Msq  18  13   0.00010  -0.00044     0.00019  -0.00012
 93.555 Msq  19  13  -0.00020   0.00007     0.00040  -0.00014
 93.555 Msq  20  13   0.00006  -0.00040    -0.00000   0.00000
 93.555 Msq  21  13  -0.00033  -0.00021     0.00005   0.00019
 93.555 Msq  22  13   0.00037   0.00000    -0.00018   0.00006
 93.555 Msq  23  13   0.00010  -0.00034    -0.00002   0.00036
 93.555 Msq  24  13   0.00000  -0.00000    -0.00030  -0.00016
 93.555 Msq  25  13   0.00001  -0.00016     0.00000   0.00000
 93.555 Msq  26  13  -0.00009  -0.00013    -0.00004  -0.00015
 93.555 Msq  27  13  -0.00008  -0.00013    -0.00013   0.00008
 93.555 Msq  28  13  -0.00012  -0.00008     0.00001  -0.00015
 93.555 Msq  29  13  -0.00029   0.00001    -0.00010  -0.00010
 93.555 Msq  30  13  -0.00002   0.00014     0.00002  -0.00014
 93.555 Msq  31  13  -0.00011   0.00007     0.00003  -0.00013
 93.555 Msq  32  13  -0.00012   0.00005    -0.00005  -0.00012
 93.555 Msq  33  13  -0.00003   0.00012     0.00007  -0.00011
 93.555 Msq  34  13  -0.00011   0.00006    -0.00004  -0.00011
 93.555 Msq  35  13  -0.00000   0.00000     0.00007  -0.00010
 93.555 Msq  36  13   0.00000   0.00000     0.00000  -0.00000
 93.555 Msq  37  13  -0.00008  -0.00008    -0.00010   0.00005
 93.555 Msq  38  13   0.00003  -0.00011    -0.00000   0.00000
 93.555 Msq  39  13  -0.00000  -0.00011    -0.00005   0.00010
 93.555 Msq  40  13   0.00003  -0.00010     0.00000   0.00011
 93.555 Msq  41  13   0.00004  -0.00010    -0.00004   0.00009
 93.555 Msq  42  13   0.00000  -0.00000    -0.00000   0.00010
 93.555 Msq  43  13   0.00000  -0.00000     0.00000  -0.00000
 93.555 Msq  44  13   0.00001   0.00010     0.00007  -0.00006
 93.555 Msq  45  13   0.00005   0.00008     0.00000  -0.00000
 93.555 Msq  46  13   0.00007   0.00006     0.00008  -0.00004
 93.555 Msq  47  13   0.00001   0.00009     0.00000   0.00000
 93.555 Msq  48  13   0.00006   0.00006     0.00008  -0.00004
 93.555 Msq  49  13  -0.00008   0.00003    -0.00000  -0.00000
 93.555 Msq  50  13   0.00005   0.00007     0.00008   0.00002
 93.555 Msq  14  14   0.00000  -0.00000     0.00010  -0.00027
 93.555 Msq  15  14  -0.00053  -0.00007    -0.00017  -0.00051
 93.555 Msq  16  14   0.00000  -0.00000    -0.00067  -0.00035
 93.555 Msq  17  14  -0.00028  -0.00038     0.00015   0.00018
 93.555 Msq  18  14   0.00065   0.00019    -0.00012  -0.00019
 93.555 Msq  19  14   0.00002   0.00043     0.00021  -0.00002
 93.555 Msq  20  14   0.00020  -0.00002    -0.00000  -0.00000
 93.555 Msq  21  14   0.00011   0.00016    -0.00008   0.00018
 93.555 Msq  22  14  -0.00010   0.00016    -0.00016  -0.00033
 93.555 Msq  23  14   0.00034   0.00011     0.00000   0.00000
 93.555 Msq  24  14   0.00014   0.00031     0.00014  -0.00031
 93.555 Msq  25  14   0.00015  -0.00007     0.00031   0.00011
 93.555 Msq  26  14  -0.00000  -0.00000    -0.00010  -0.00012
 93.555 Msq  27  14   0.00000   0.00000     0.00015  -0.00003
 93.555 Msq  28  14   0.00000  -0.00000    -0.00004  -0.00014
 93.555 Msq  29  14  -0.00000   0.00000     0.00014   0.00002
 93.555 Msq  30  14   0.00000  -0.00000     0.00001   0.00014
 93.555 Msq  31  14   0.00000   0.00000     0.00026  -0.00004
 93.555 Msq  32  14  -0.00003   0.00013     0.00001   0.00013
 93.555 Msq  33  14  -0.00009  -0.00009    -0.00000   0.00000
 93.555 Msq  34  14  -0.00007   0.00010     0.00002   0.00012
 93.555 Msq  35  14   0.00003   0.00024     0.00000  -0.00000
 93.555 Msq  36  14  -0.00008   0.00009     0.00002  -0.00012
 93.555 Msq  37  14  -0.00000  -0.00000    -0.00008   0.00008
 93.555 Msq  38  14  -0.00010   0.00005    -0.00000  -0.00000
 93.555 Msq  39  14   0.00010  -0.00005     0.00000  -0.00000
 93.555 Msq  40  14   0.00000   0.00010     0.00005  -0.00009
 93.555 Msq  41  14   0.00010  -0.00003     0.00010  -0.00003
 93.555 Msq  42  14  -0.00001   0.00010     0.00003  -0.00010
 93.555 Msq  43  14   0.00010   0.00002     0.00000   0.00000
 93.555 Msq  44  14   0.00007   0.00006     0.00008  -0.00005
 93.555 Msq  45  14   0.00007   0.00006     0.00005   0.00008
 93.555 Msq  46  14  -0.00000   0.00009     0.00002  -0.00009
 93.555 Msq  47  14   0.00009   0.00002     0.00006   0.00007
 93.555 Msq  48  14   0.00000  -0.00000    -0.00008   0.00003
 93.555 Msq  49  14   0.00008  -0.00002     0.00004   0.00008
 93.555 Msq  50  14   0.00000   0.00000    -0.00008  -0.00001
 93.555 Msq  15  15   0.00000  -0.00000    -0.00004  -0.00026
 93.555 Msq  16  15   0.00009  -0.00024     0.00042   0.00028
 93.555 Msq  17  15  -0.00042  -0.00085    -0.00046   0.00012
 93.555 Msq  18  15   0.00012   0.00019     0.00022   0.00002
 93.555 Msq  19  15  -0.00019  -0.00009     0.00008  -0.00064
 93.555 Msq  20  15   0.00019   0.00007     0.00014   0.00015
 93.555 Msq  21  15   0.00026  -0.00029     0.00008   0.00018
 93.555 Msq  22  15   0.00008  -0.00036    -0.00008   0.00017
 93.555 Msq  23  15   0.00014   0.00011     0.00005  -0.00017
 93.555 Msq  24  15  -0.00010  -0.00014     0.00014  -0.00010
 93.555 Msq  25  15   0.00016   0.00002    -0.00000  -0.00000
 93.555 Msq  26  15  -0.00040  -0.00026    -0.00007   0.00031
 93.555 Msq  27  15   0.00014  -0.00027    -0.00012   0.00009
 93.555 Msq  28  15  -0.00012  -0.00008    -0.00021   0.00021
 93.555 Msq  29  15  -0.00035  -0.00025    -0.00014   0.00000
 93.555 Msq  30  15  -0.00005  -0.00013    -0.00010   0.00026
 93.555 Msq  31  15  -0.00011   0.00008     0.00000   0.00000
 93.555 Msq  32  15  -0.00010   0.00008    -0.00013   0.00003
 93.555 Msq  33  15  -0.00000   0.00000    -0.00011   0.00007
 93.555 Msq  34  15  -0.00004   0.00012    -0.00010  -0.00007
 93.555 Msq  35  15   0.00008   0.00009     0.00006  -0.00010
 93.555 Msq  36  15   0.00013   0.00019     0.00009  -0.00007
 93.555 Msq  37  15   0.00008   0.00008     0.00006  -0.00009
 93.555 Msq  38  15   0.00000   0.00011     0.00010  -0.00005
 93.555 Msq  39  15   0.00010   0.00003     0.00009  -0.00005
 93.555 Msq  40  15   0.00007   0.00008     0.00021  -0.00001
 93.555 Msq  41  15   0.00010  -0.00000     0.00010  -0.00003
 93.555 Msq  42  15  -0.00000  -0.00000     0.00000   0.00000
 93.555 Msq  43  15  -0.00010   0.00001     0.00000   0.00000
 93.555 Msq  44  15  -0.00000   0.00000     0.00004   0.00009
 93.555 Msq  45  15   0.00000  -0.00000     0.00001   0.00009
 93.555 Msq  46  15   0.00000  -0.00000     0.00005   0.00008
 93.555 Msq  47  15  -0.00000   0.00000    -0.00000   0.00000
 93.555 Msq  48  15   0.00003  -0.00008    -0.00004   0.00008
 93.555 Msq  49  15  -0.00000  -0.00000     0.00000  -0.00000
 93.555 Msq  50  15   0.00008   0.00001     0.00008   0.00003
 93.555 Msq  16  16   0.00047   0.00059     0.00039  -0.00031
 93.555 Msq  17  16   0.00018   0.00016     0.00045   0.00015
 93.555 Msq  18  16   0.00020   0.00010    -0.00004   0.00022
 93.555 Msq  19  16   0.00017  -0.00039     0.00012   0.00017
 93.555 Msq  20  16  -0.00020   0.00006     0.00015  -0.00014
 93.555 Msq  21  16  -0.00015  -0.00012    -0.00028  -0.00027
 93.555 Msq  22  16  -0.00035  -0.00014     0.00008   0.00017
 93.555 Msq  23  16   0.00027  -0.00023     0.00000   0.00000
 93.555 Msq  24  16   0.00032  -0.00012     0.00020   0.00028
 93.555 Msq  25  16   0.00000   0.00000    -0.00001  -0.00016
 93.555 Msq  26  16  -0.00006  -0.00031     0.00001   0.00016
 93.555 Msq  27  16   0.00005   0.00015    -0.00010  -0.00012
 93.555 Msq  28  16  -0.00002  -0.00015     0.00000   0.00000
 93.555 Msq  29  16   0.00007   0.00012     0.00010  -0.00010
 93.555 Msq  30  16   0.00011  -0.00008     0.00004   0.00013
 93.555 Msq  31  16   0.00000  -0.00000     0.00000  -0.00000
 93.555 Msq  32  16   0.00007   0.00011     0.00002  -0.00013
 93.555 Msq  33  16   0.00011  -0.00005     0.00007   0.00010
 93.555 Msq  34  16   0.00000  -0.00000    -0.00000  -0.00000
 93.555 Msq  35  16   0.00012  -0.00002     0.00000   0.00000
 93.555 Msq  36  16   0.00009   0.00007     0.00000   0.00000
 93.555 Msq  37  16   0.00019  -0.00012     0.00010   0.00005
 93.555 Msq  38  16   0.00011  -0.00003     0.00003   0.00011
 93.555 Msq  39  16  -0.00000   0.00000     0.00000  -0.00000
 93.555 Msq  40  16   0.00000  -0.00000     0.00008   0.00007
 93.555 Msq  41  16   0.00000   0.00000     0.00001   0.00010
 93.555 Msq  42  16  -0.00004  -0.00009     0.00004   0.00009
 93.555 Msq  43  16  -0.00000  -0.00000    -0.00003   0.00009
 93.555 Msq  44  16  -0.00004   0.00009     0.00009  -0.00003
 93.555 Msq  45  16   0.00009  -0.00002     0.00005   0.00008
 93.555 Msq  46  16   0.00006   0.00007     0.00009   0.00003
 93.555 Msq  47  16   0.00006   0.00007     0.00007   0.00005
 93.555 Msq  48  16   0.00009   0.00002     0.00000  -0.00000
 93.555 Msq  49  16  -0.00000   0.00000     0.00000  -0.00000
 93.555 Msq  50  16   0.00006   0.00006     0.00000  -0.00000
 93.555 Msq  17  17   0.00005   0.00071     0.00022  -0.00068
 93.555 Msq  18  17   0.00006   0.00022     0.00022   0.00002
 93.555 Msq  19  17  -0.00008  -0.00020    -0.00000  -0.00000
 93.555 Msq  20  17  -0.00020   0.00004    -0.00000   0.00000
 93.555 Msq  21  17  -0.00004  -0.00019     0.00011   0.00016
 93.555 Msq  22  17  -0.00033  -0.00017    -0.00018  -0.00006
 93.555 Msq  23  17  -0.00016   0.00008    -0.00018  -0.00002
 93.555 Msq  24  17  -0.00003   0.00017    -0.00002  -0.00017
 93.555 Msq  25  17   0.00016  -0.00001     0.00009   0.00014
 93.555 Msq  26  17   0.00000  -0.00000    -0.00016   0.00002
 93.555 Msq  27  17  -0.00023  -0.00020    -0.00015  -0.00001
 93.555 Msq  28  17  -0.00002   0.00015    -0.00010  -0.00011
 93.555 Msq  29  17  -0.00026   0.00011     0.00005  -0.00013
 93.555 Msq  30  17   0.00000  -0.00000    -0.00000  -0.00000
 93.555 Msq  31  17  -0.00013   0.00003    -0.00013  -0.00000
 93.555 Msq  32  17  -0.00006  -0.00011    -0.00012   0.00005
 93.555 Msq  33  17   0.00002  -0.00012    -0.00012   0.00002
 93.555 Msq  34  17  -0.00008  -0.00009    -0.00000   0.00012
 93.555 Msq  35  17   0.00001  -0.00012    -0.00000  -0.00000
 93.555 Msq  36  17   0.00000  -0.00000     0.00008   0.00008
 93.555 Msq  37  17   0.00007  -0.00009    -0.00000   0.00000
 93.555 Msq  38  17  -0.00005  -0.00022    -0.00004   0.00010
 93.555 Msq  39  17  -0.00000  -0.00000    -0.00000   0.00000
 93.555 Msq  40  17   0.00005  -0.00009     0.00000   0.00000
 93.555 Msq  41  17  -0.00000  -0.00010     0.00000   0.00000
 93.555 Msq  42  17   0.00009  -0.00005     0.00010   0.00003
 93.555 Msq  43  17  -0.00002  -0.00010     0.00000   0.00000
 93.555 Msq  44  17   0.00009   0.00002     0.00009   0.00003
 93.555 Msq  45  17   0.00009  -0.00003    -0.00000   0.00000
 93.555 Msq  46  17   0.00000  -0.00000     0.00000  -0.00000
 93.555 Msq  47  17   0.00008   0.00004     0.00000   0.00000
 93.555 Msq  48  17  -0.00000  -0.00000    -0.00000   0.00000
 93.555 Msq  49  17   0.00006  -0.00007    -0.00003   0.00008
 93.555 Msq  50  17   0.00000  -0.00000    -0.00008   0.00003
 93.555 Msq  18  18  -0.00003   0.00022    -0.00015  -0.00017
 93.555 Msq  19  18   0.00013   0.00017     0.00019   0.00010
 93.555 Msq  20  18   0.00018   0.00009     0.00019   0.00006
 93.555 Msq  21  18  -0.00001   0.00058    -0.00011  -0.00016
 93.555 Msq  22  18  -0.00008  -0.00017    -0.00018  -0.00004
 93.555 Msq  23  18  -0.00002   0.00018     0.00018  -0.00003
 93.555 Msq  24  18   0.00003  -0.00017    -0.00017  -0.00002
 93.555 Msq  25  18   0.00000  -0.00000     0.00016  -0.00002
 93.555 Msq  26  18  -0.00010  -0.00012    -0.00000  -0.00000
 93.555 Msq  27  18   0.00000   0.00000     0.00015  -0.00004
 93.555 Msq  28  18  -0.00000  -0.00000    -0.00000  -0.00000
 93.555 Msq  29  18   0.00002  -0.00014     0.00013   0.00005
 93.555 Msq  30  18   0.00013   0.00003     0.00000  -0.00000
 93.555 Msq  31  18  -0.00008  -0.00011     0.00002   0.00027
 93.555 Msq  32  18   0.00000  -0.00000    -0.00000   0.00000
 93.555 Msq  33  18   0.00005  -0.00011     0.00011   0.00005
 93.555 Msq  34  18  -0.00000  -0.00000     0.00008   0.00009
 93.555 Msq  35  18  -0.00000  -0.00012    -0.00005   0.00011
 93.555 Msq  36  18  -0.00007  -0.00009     0.00002   0.00011
 93.555 Msq  37  18   0.00003   0.00011     0.00006  -0.00010
 93.555 Msq  38  18  -0.00000  -0.00000     0.00000   0.00000
 93.555 Msq  39  18  -0.00002  -0.00011    -0.00000   0.00000
 93.555 Msq  40  18  -0.00000   0.00000    -0.00000  -0.00000
 93.555 Msq  41  18  -0.00000  -0.00000    -0.00010  -0.00002
 93.555 Msq  42  18   0.00010   0.00001     0.00010   0.00001
 93.555 Msq  43  18  -0.00008  -0.00005    -0.00000   0.00000
 93.555 Msq  44  18  -0.00009   0.00002    -0.00000  -0.00000
 93.555 Msq  45  18  -0.00001  -0.00009     0.00000   0.00000
 93.555 Msq  46  18   0.00000   0.00000     0.00004   0.00008
 93.555 Msq  47  18   0.00001  -0.00009     0.00000   0.00000
 93.555 Msq  48  18  -0.00006  -0.00006    -0.00009   0.00001
 93.555 Msq  49  18  -0.00006  -0.00006     0.00000  -0.00000
 93.555 Msq  50  18   0.00004  -0.00007    -0.00000   0.00000
 93.555 Msq  19  19   0.00004  -0.00021    -0.00015  -0.00016
 93.555 Msq  20  19   0.00035  -0.00020     0.00024   0.00056
 93.555 Msq  21  19   0.00038  -0.00006     0.00037   0.00011
 93.555 Msq  22  19   0.00010   0.00036    -0.00012  -0.00014
 93.555 Msq  23  19  -0.00000  -0.00000    -0.00018  -0.00001
 93.555 Msq  24  19   0.00029   0.00019     0.00017  -0.00004
 93.555 Msq  25  19  -0.00013  -0.00010    -0.00009  -0.00014
 93.555 Msq  26  19  -0.00000  -0.00000     0.00008   0.00031
 93.555 Msq  27  19  -0.00015  -0.00002    -0.00012  -0.00009
 93.555 Msq  28  19  -0.00008  -0.00012    -0.00004   0.00014
 93.555 Msq  29  19  -0.00005   0.00028    -0.00000  -0.00000
 93.555 Msq  30  19   0.00013  -0.00004     0.00012  -0.00006
 93.555 Msq  31  19  -0.00011   0.00008    -0.00011   0.00007
 93.555 Msq  32  19  -0.00000   0.00000    -0.00012   0.00005
 93.555 Msq  33  19  -0.00001   0.00013     0.00000  -0.00000
 93.555 Msq  34  19   0.00004   0.00024     0.00010  -0.00007
 93.555 Msq  35  19  -0.00010  -0.00006    -0.00012   0.00002
 93.555 Msq  36  19  -0.00008   0.00008    -0.00010   0.00005
 93.555 Msq  37  19   0.00000   0.00000    -0.00010   0.00006
 93.555 Msq  38  19  -0.00000   0.00000    -0.00000   0.00000
 93.555 Msq  39  19  -0.00000  -0.00011    -0.00003   0.00010
 93.555 Msq  40  19  -0.00007  -0.00007    -0.00000   0.00000
 93.555 Msq  41  19   0.00000  -0.00000    -0.00000   0.00010
 93.555 Msq  42  19   0.00006  -0.00008     0.00010   0.00002
 93.555 Msq  43  19  -0.00004  -0.00009    -0.00005   0.00009
 93.555 Msq  44  19  -0.00006  -0.00008    -0.00000   0.00000
 93.555 Msq  45  19  -0.00002  -0.00009    -0.00005   0.00008
 93.555 Msq  46  19  -0.00000   0.00000     0.00000  -0.00000
 93.555 Msq  47  19  -0.00000  -0.00000     0.00000   0.00000
 93.555 Msq  48  19  -0.00000  -0.00000    -0.00000  -0.00000
 93.555 Msq  49  19   0.00000  -0.00000     0.00000   0.00000
 93.555 Msq  50  19   0.00003   0.00008    -0.00000  -0.00000
 93.555 Msq  20  20  -0.00004   0.00020    -0.00003  -0.00020
 93.555 Msq  21  20   0.00032  -0.00023     0.00040   0.00043
 93.555 Msq  22  20   0.00014  -0.00013     0.00008   0.00017
 93.555 Msq  23  20  -0.00011  -0.00014    -0.00017  -0.00004
 93.555 Msq  24  20   0.00005   0.00016     0.00016   0.00006
 93.555 Msq  25  20   0.00011  -0.00012     0.00000  -0.00000
 93.555 Msq  26  20  -0.00014   0.00007     0.00000  -0.00000
 93.555 Msq  27  20  -0.00030   0.00004    -0.00015   0.00002
 93.555 Msq  28  20   0.00003   0.00014     0.00013  -0.00007
 93.555 Msq  29  20  -0.00014  -0.00000    -0.00013   0.00007
 93.555 Msq  30  20   0.00016   0.00023     0.00013  -0.00004
 93.555 Msq  31  20  -0.00010  -0.00009    -0.00013  -0.00003
 93.555 Msq  32  20   0.00005   0.00012     0.00000   0.00000
 93.555 Msq  33  20   0.00001  -0.00013    -0.00000  -0.00000
 93.555 Msq  34  20   0.00001   0.00012     0.00000  -0.00000
 93.555 Msq  35  20   0.00006  -0.00010    -0.00001   0.00012
 93.555 Msq  36  20  -0.00000  -0.00012    -0.00006   0.00010
 93.555 Msq  37  20   0.00000  -0.00000    -0.00001   0.00011
 93.555 Msq  38  20   0.00000   0.00000     0.00007  -0.00008
 93.555 Msq  39  20   0.00011  -0.00001     0.00007   0.00008
 93.555 Msq  40  20  -0.00004  -0.00010    -0.00000   0.00000
 93.555 Msq  41  20  -0.00008  -0.00007    -0.00007   0.00007
 93.555 Msq  42  20  -0.00000   0.00000    -0.00006  -0.00008
 93.555 Msq  43  20  -0.00002   0.00010     0.00008  -0.00005
 93.555 Msq  44  20  -0.00000   0.00000    -0.00005  -0.00008
 93.555 Msq  45  20  -0.00009   0.00004    -0.00009  -0.00001
 93.555 Msq  46  20  -0.00009  -0.00003    -0.00006  -0.00007
 93.555 Msq  47  20  -0.00002   0.00009     0.00000  -0.00000
 93.555 Msq  48  20  -0.00000  -0.00000    -0.00000  -0.00000
 93.555 Msq  49  20  -0.00006   0.00007    -0.00000  -0.00000
 93.555 Msq  50  20   0.00000   0.00000     0.00000  -0.00000
 93.555 Msq  21  21  -0.00008   0.00018    -0.00000  -0.00019
 93.555 Msq  22  21   0.00012   0.00014     0.00017  -0.00008
 93.555 Msq  23  21   0.00001  -0.00018     0.00000   0.00000
 93.555 Msq  24  21  -0.00011  -0.00014    -0.00010   0.00014
 93.555 Msq  25  21  -0.00000  -0.00000     0.00000  -0.00000
 93.555 Msq  26  21   0.00002   0.00016     0.00009  -0.00013
 93.555 Msq  27  21   0.00015  -0.00002     0.00011   0.00011
 93.555 Msq  28  21  -0.00005  -0.00014    -0.00014  -0.00004
 93.555 Msq  29  21   0.00000   0.00000     0.00010  -0.00010
 93.555 Msq  30  21   0.00002   0.00014    -0.00001  -0.00014
 93.555 Msq  31  21   0.00011  -0.00008     0.00024   0.00011
 93.555 Msq  32  21  -0.00005   0.00012    -0.00013   0.00003
 93.555 Msq  33  21   0.00018  -0.00018     0.00011   0.00007
 93.555 Msq  34  21  -0.00007   0.00024    -0.00005  -0.00011
 93.555 Msq  35  21   0.00022  -0.00008     0.00012   0.00002
 93.555 Msq  36  21  -0.00000  -0.00000    -0.00006   0.00010
 93.555 Msq  37  21   0.00010  -0.00006    -0.00007   0.00009
 93.555 Msq  38  21   0.00010  -0.00005     0.00000  -0.00000
 93.555 Msq  39  21  -0.00000   0.00011     0.00000  -0.00000
 93.555 Msq  40  21   0.00009  -0.00005    -0.00000  -0.00000
 93.555 Msq  41  21  -0.00000   0.00000    -0.00009   0.00006
 93.555 Msq  42  21   0.00000  -0.00000    -0.00010  -0.00000
 93.555 Msq  43  21  -0.00000  -0.00000    -0.00000  -0.00000
 93.555 Msq  44  21   0.00007  -0.00007     0.00000   0.00000
 93.555 Msq  45  21  -0.00000   0.00000     0.00000   0.00000
 93.555 Msq  46  21   0.00000  -0.00000     0.00000  -0.00000
 93.555 Msq  47  21  -0.00000  -0.00000     0.00000   0.00000
 93.555 Msq  48  21   0.00000  -0.00009    -0.00000   0.00000
 93.555 Msq  49  21   0.00000  -0.00000     0.00007   0.00006
 93.555 Msq  50  21   0.00000   0.00000     0.00000   0.00000
 93.555 Msq  22  22  -0.00000  -0.00000     0.00000  -0.00000
 93.555 Msq  23  22   0.00012   0.00013     0.00014  -0.00011
 93.555 Msq  24  22  -0.00031  -0.00015    -0.00009  -0.00014
 93.555 Msq  25  22   0.00013  -0.00010     0.00011   0.00012
 93.555 Msq  26  22  -0.00013  -0.00009    -0.00008   0.00014
 93.555 Msq  27  22  -0.00012   0.00028    -0.00000  -0.00015
 93.555 Msq  28  22   0.00010  -0.00011     0.00011   0.00010
 93.555 Msq  29  22   0.00009   0.00011    -0.00013   0.00006
 93.555 Msq  30  22  -0.00006  -0.00012    -0.00006   0.00012
 93.555 Msq  31  22   0.00000  -0.00000     0.00000  -0.00000
 93.555 Msq  32  22  -0.00013  -0.00002    -0.00005   0.00012
 93.555 Msq  33  22   0.00012   0.00003     0.00000   0.00000
 93.555 Msq  34  22  -0.00012  -0.00000    -0.00007   0.00010
 93.555 Msq  35  22   0.00012   0.00002    -0.00000  -0.00000
 93.555 Msq  36  22  -0.00012   0.00002    -0.00004  -0.00011
 93.555 Msq  37  22   0.00010  -0.00006    -0.00000   0.00000
 93.555 Msq  38  22  -0.00008  -0.00007    -0.00000   0.00000
 93.555 Msq  39  22   0.00000   0.00000    -0.00000  -0.00000
 93.555 Msq  40  22   0.00000  -0.00000     0.00000   0.00000
 93.555 Msq  41  22  -0.00001  -0.00010    -0.00007   0.00008
 93.555 Msq  42  22   0.00005  -0.00009    -0.00000   0.00000
 93.555 Msq  43  22   0.00000   0.00000     0.00004  -0.00009
 93.555 Msq  44  22   0.00010  -0.00001     0.00009   0.00002
 93.555 Msq  45  22   0.00002  -0.00009     0.00006   0.00007
 93.555 Msq  46  22  -0.00005   0.00008    -0.00005  -0.00008
 93.555 Msq  47  22  -0.00000   0.00000     0.00000  -0.00000
 93.555 Msq  48  22   0.00004   0.00008     0.00000  -0.00000
 93.555 Msq  49  22   0.00000   0.00000     0.00008   0.00002
 93.555 Msq  50  22  -0.00008   0.00003    -0.00008  -0.00004
 93.555 Msq  23  23   0.00002  -0.00018    -0.00004   0.00017
 93.555 Msq  24  23   0.00010   0.00014     0.00027  -0.00021
 93.555 Msq  25  23  -0.00023  -0.00023    -0.00011   0.00012
 93.555 Msq  26  23  -0.00000  -0.00000     0.00012   0.00011
 93.555 Msq  27  23   0.00001   0.00015     0.00012  -0.00009
 93.555 Msq  28  23  -0.00001   0.00015     0.00000  -0.00000
 93.555 Msq  29  23  -0.00000  -0.00000     0.00014   0.00002
 93.555 Msq  30  23  -0.00010   0.00010    -0.00009  -0.00011
 93.555 Msq  31  23  -0.00000  -0.00000    -0.00000   0.00000
 93.555 Msq  32  23   0.00010   0.00008     0.00010   0.00009
 93.555 Msq  33  23   0.00012   0.00003    -0.00012  -0.00004
 93.555 Msq  34  23  -0.00011   0.00005     0.00009  -0.00008
 93.555 Msq  35  23   0.00021   0.00011    -0.00000  -0.00000
 93.555 Msq  36  23   0.00004  -0.00011     0.00010  -0.00005
 93.555 Msq  37  23  -0.00011  -0.00002    -0.00011   0.00001
 93.555 Msq  38  23   0.00007  -0.00008     0.00011   0.00001
 93.555 Msq  39  23   0.00000   0.00000     0.00000   0.00000
 93.555 Msq  40  23   0.00004  -0.00010     0.00000   0.00000
 93.555 Msq  41  23   0.00003  -0.00010    -0.00000   0.00000
 93.555 Msq  42  23   0.00005  -0.00009     0.00006   0.00008
 93.555 Msq  43  23   0.00002  -0.00010     0.00010   0.00002
 93.555 Msq  44  23   0.00007  -0.00007     0.00008   0.00006
 93.555 Msq  45  23   0.00009  -0.00002     0.00009   0.00002
 93.555 Msq  46  23  -0.00009  -0.00003    -0.00009   0.00000
 93.555 Msq  47  23  -0.00000  -0.00000    -0.00008   0.00005
 93.555 Msq  48  23  -0.00000  -0.00000    -0.00005   0.00007
 93.555 Msq  49  23   0.00008   0.00004     0.00008   0.00004
 93.555 Msq  50  23  -0.00001   0.00008    -0.00008   0.00002
 93.555 Msq  24  24  -0.00013  -0.00011    -0.00011   0.00013
 93.555 Msq  25  24   0.00000  -0.00000    -0.00016  -0.00000
 93.555 Msq  26  24  -0.00012  -0.00029    -0.00018   0.00026
 93.555 Msq  27  24   0.00011  -0.00010     0.00013   0.00008
 93.555 Msq  28  24  -0.00002   0.00030    -0.00002  -0.00030
 93.555 Msq  29  24   0.00013   0.00006     0.00014  -0.00004
 93.555 Msq  30  24   0.00014   0.00001     0.00011   0.00008
 93.555 Msq  31  24  -0.00000  -0.00013    -0.00013   0.00002
 93.555 Msq  32  24  -0.00010   0.00008    -0.00013  -0.00000
 93.555 Msq  33  24   0.00013   0.00002     0.00003  -0.00012
 93.555 Msq  34  24   0.00005  -0.00011     0.00000   0.00000
 93.555 Msq  35  24   0.00000  -0.00000    -0.00000   0.00000
 93.555 Msq  36  24  -0.00000  -0.00000     0.00004  -0.00011
 93.555 Msq  37  24   0.00000  -0.00000     0.00001   0.00011
 93.555 Msq  38  24   0.00000  -0.00000    -0.00000   0.00000
 93.555 Msq  39  24   0.00000  -0.00000     0.00000   0.00000
 93.555 Msq  40  24   0.00000   0.00000    -0.00000  -0.00000
 93.555 Msq  41  24  -0.00008  -0.00006    -0.00000  -0.00000
 93.555 Msq  42  24  -0.00002  -0.00010    -0.00010   0.00001
 93.555 Msq  43  24  -0.00009  -0.00004    -0.00000   0.00000
 93.555 Msq  44  24   0.00000  -0.00000    -0.00003   0.00009
 93.555 Msq  45  24  -0.00008  -0.00004     0.00000   0.00009
 93.555 Msq  46  24  -0.00007  -0.00005    -0.00009   0.00002
 93.555 Msq  47  24  -0.00009  -0.00002    -0.00007   0.00006
 93.555 Msq  48  24   0.00008  -0.00004     0.00000   0.00000
 93.555 Msq  49  24   0.00000  -0.00000     0.00005   0.00007
 93.555 Msq  50  24  -0.00000  -0.00000    -0.00002   0.00008
 93.555 Msq  25  25  -0.00011  -0.00012    -0.00016   0.00005
 93.555 Msq  26  25   0.00000   0.00000     0.00000  -0.00000
 93.555 Msq  27  25   0.00004  -0.00030    -0.00017   0.00026
 93.555 Msq  28  25   0.00000   0.00000     0.00000  -0.00000
 93.555 Msq  29  25  -0.00013   0.00005    -0.00007  -0.00013
 93.555 Msq  30  25  -0.00000   0.00000    -0.00000   0.00000
 93.555 Msq  31  25   0.00013   0.00002     0.00013   0.00003
 93.555 Msq  32  25   0.00007  -0.00011     0.00005   0.00026
 93.555 Msq  33  25   0.00003   0.00012    -0.00000  -0.00000
 93.555 Msq  34  25  -0.00005  -0.00011    -0.00000   0.00000
 93.555 Msq  35  25  -0.00000   0.00000     0.00011   0.00005
 93.555 Msq  36  25   0.00005  -0.00011    -0.00008   0.00009
 93.555 Msq  37  25  -0.00011  -0.00002     0.00011   0.00003
 93.555 Msq  38  25  -0.00002  -0.00011    -0.00010   0.00005
 93.555 Msq  39  25  -0.00003   0.00010     0.00010  -0.00003
 93.555 Msq  40  25   0.00006   0.00009    -0.00000  -0.00000
 93.555 Msq  41  25  -0.00010   0.00002     0.00006  -0.00008
 93.555 Msq  42  25  -0.00009  -0.00004    -0.00010   0.00001
 93.555 Msq  43  25  -0.00000  -0.00000     0.00000   0.00000
 93.555 Msq  44  25   0.00000  -0.00000     0.00000   0.00000
 93.555 Msq  45  25   0.00000  -0.00000     0.00000   0.00000
 93.555 Msq  46  25  -0.00009   0.00000    -0.00009   0.00002
 93.555 Msq  47  25  -0.00000  -0.00000     0.00000  -0.00000
 93.555 Msq  48  25   0.00007   0.00005     0.00000   0.00000
 93.555 Msq  49  25   0.00007  -0.00005     0.00008   0.00003
 93.555 Msq  50  25   0.00000   0.00000     0.00000  -0.00000
 93.555 Msq  26  26   0.00000  -0.00000     0.00003   0.00016
 93.555 Msq  27  26   0.00011   0.00011     0.00004  -0.00015
 93.555 Msq  28  26   0.00008   0.00013     0.00000   0.00000
 93.555 Msq  29  26   0.00000   0.00000    -0.00000  -0.00000
 93.555 Msq  30  26   0.00001  -0.00014    -0.00011   0.00008
 93.555 Msq  31  26   0.00001  -0.00013    -0.00013   0.00002
 93.555 Msq  32  26   0.00000   0.00000     0.00010  -0.00009
 93.555 Msq  33  26  -0.00000   0.00000     0.00000   0.00000
 93.555 Msq  34  26   0.00000   0.00000     0.00008  -0.00009
 93.555 Msq  35  26  -0.00022   0.00009    -0.00000   0.00000
 93.555 Msq  36  26   0.00022  -0.00009     0.00000   0.00000
 93.555 Msq  37  26  -0.00010   0.00005    -0.00009  -0.00007
 93.555 Msq  38  26   0.00011   0.00002     0.00000  -0.00000
 93.555 Msq  39  26  -0.00000  -0.00000    -0.00000  -0.00000
 93.555 Msq  40  26   0.00010  -0.00003     0.00000   0.00000
 93.555 Msq  41  26  -0.00000   0.00000    -0.00001  -0.00010
 93.555 Msq  42  26   0.00000  -0.00000    -0.00000   0.00000
 93.555 Msq  43  26  -0.00010   0.00002    -0.00000   0.00000
 93.555 Msq  44  26   0.00008  -0.00005     0.00005   0.00008
 93.555 Msq  45  26   0.00001   0.00009     0.00000   0.00000
 93.555 Msq  46  26  -0.00008  -0.00005    -0.00000  -0.00000
 93.555 Msq  47  26  -0.00000  -0.00000    -0.00009   0.00002
 93.555 Msq  48  26  -0.00007   0.00005    -0.00000  -0.00000
 93.555 Msq  49  26  -0.00000  -0.00000    -0.00008   0.00002
 93.555 Msq  50  26  -0.00007  -0.00005    -0.00004   0.00008
 93.555 Msq  27  27  -0.00005   0.00014     0.00000  -0.00000
 93.555 Msq  28  27   0.00013   0.00007     0.00000   0.00000
 93.555 Msq  29  27   0.00000  -0.00000     0.00000  -0.00000
 93.555 Msq  30  27  -0.00000  -0.00000    -0.00012   0.00006
 93.555 Msq  31  27   0.00006  -0.00012    -0.00003   0.00013
 93.555 Msq  32  27   0.00013   0.00003     0.00000  -0.00000
 93.555 Msq  33  27  -0.00000  -0.00000     0.00000  -0.00000
 93.555 Msq  34  27  -0.00000   0.00000    -0.00005  -0.00011
 93.555 Msq  35  27  -0.00008   0.00009     0.00004  -0.00011
 93.555 Msq  36  27   0.00000  -0.00000    -0.00010   0.00005
 93.555 Msq  37  27   0.00007  -0.00021     0.00003   0.00011
 93.555 Msq  38  27  -0.00000   0.00000    -0.00008  -0.00008
 93.555 Msq  39  27  -0.00004  -0.00010    -0.00000   0.00000
 93.555 Msq  40  27  -0.00002   0.00010     0.00005  -0.00009
 93.555 Msq  41  27   0.00000  -0.00000     0.00005   0.00009
 93.555 Msq  42  27   0.00000   0.00000     0.00009  -0.00005
 93.555 Msq  43  27   0.00002  -0.00010    -0.00004   0.00009
 93.555 Msq  44  27   0.00001   0.00009     0.00000  -0.00000
 93.555 Msq  45  27  -0.00008  -0.00005     0.00000   0.00000
 93.555 Msq  46  27  -0.00001   0.00009    -0.00000  -0.00000
 93.555 Msq  47  27  -0.00006  -0.00007     0.00001   0.00009
 93.555 Msq  48  27  -0.00000  -0.00000    -0.00000   0.00000
 93.555 Msq  49  27  -0.00000   0.00000    -0.00000  -0.00000
 93.555 Msq  50  27   0.00000  -0.00000     0.00008   0.00004
 93.555 Msq  28  28  -0.00029  -0.00004    -0.00029  -0.00004
 93.555 Msq  29  28  -0.00000  -0.00000    -0.00000   0.00000
 93.555 Msq  30  28   0.00000  -0.00000     0.00007   0.00012
 93.555 Msq  31  28  -0.00012  -0.00006    -0.00013   0.00002
 93.555 Msq  32  28  -0.00000   0.00000     0.00000   0.00000
 93.555 Msq  33  28   0.00013  -0.00001     0.00000  -0.00000
 93.555 Msq  34  28   0.00000  -0.00000     0.00005   0.00011
 93.555 Msq  35  28  -0.00004  -0.00011     0.00000  -0.00000
 93.555 Msq  36  28  -0.00009   0.00008    -0.00007  -0.00009
 93.555 Msq  37  28   0.00000  -0.00000     0.00000   0.00000
 93.555 Msq  38  28  -0.00000   0.00000     0.00006   0.00009
 93.555 Msq  39  28   0.00005  -0.00009    -0.00000   0.00000
 93.555 Msq  40  28  -0.00010   0.00001    -0.00008   0.00007
 93.555 Msq  41  28   0.00000  -0.00000     0.00002  -0.00010
 93.555 Msq  42  28  -0.00005   0.00008     0.00000  -0.00000
 93.555 Msq  43  28   0.00008  -0.00006     0.00000   0.00000
 93.555 Msq  44  28  -0.00000   0.00000    -0.00000  -0.00000
 93.555 Msq  45  28   0.00000  -0.00000    -0.00000  -0.00000
 93.555 Msq  46  28  -0.00007   0.00006    -0.00000  -0.00000
 93.555 Msq  47  28   0.00009   0.00002     0.00000  -0.00000
 93.555 Msq  48  28  -0.00006   0.00006    -0.00000   0.00000
 93.555 Msq  49  28   0.00000  -0.00000    -0.00000   0.00000
 93.555 Msq  50  28   0.00000   0.00000    -0.00000   0.00000
 93.555 Msq  29  29  -0.00012  -0.00007    -0.00013   0.00006
 93.555 Msq  30  29  -0.00010  -0.00010    -0.00012   0.00006
 93.555 Msq  31  29  -0.00007   0.00011     0.00008  -0.00011
 93.555 Msq  32  29  -0.00013   0.00002    -0.00011  -0.00006
 93.555 Msq  33  29   0.00005   0.00012     0.00013  -0.00001
 93.555 Msq  34  29   0.00000  -0.00000     0.00000  -0.00000
 93.555 Msq  35  29   0.00000  -0.00000     0.00001   0.00012
 93.555 Msq  36  29  -0.00000  -0.00000    -0.00000   0.00000
 93.555 Msq  37  29  -0.00000  -0.00000    -0.00000   0.00000
 93.555 Msq  38  29  -0.00007   0.00008     0.00001  -0.00011
 93.555 Msq  39  29   0.00005   0.00010     0.00003  -0.00010
 93.555 Msq  40  29  -0.00006   0.00009     0.00000   0.00000
 93.555 Msq  41  29   0.00000  -0.00000    -0.00010   0.00001
 93.555 Msq  42  29  -0.00003   0.00010     0.00000  -0.00000
 93.555 Msq  43  29   0.00010  -0.00001     0.00000  -0.00000
 93.555 Msq  44  29   0.00000  -0.00000     0.00000   0.00000
 93.555 Msq  45  29  -0.00008  -0.00005    -0.00008  -0.00004
 93.555 Msq  46  29   0.00000  -0.00000     0.00002   0.00009
 93.555 Msq  47  29   0.00000   0.00000     0.00000  -0.00000
 93.555 Msq  48  29   0.00000  -0.00000     0.00000   0.00000
 93.555 Msq  49  29  -0.00000   0.00000    -0.00008  -0.00002
 93.555 Msq  50  29   0.00000  -0.00000     0.00003   0.00008
 93.555 Msq  30  30   0.00007   0.00012     0.00012  -0.00007
 93.555 Msq  31  30   0.00000   0.00013     0.00010  -0.00009
 93.555 Msq  32  30  -0.00000  -0.00000    -0.00010  -0.00009
 93.555 Msq  33  30  -0.00012   0.00002     0.00000  -0.00000
 93.555 Msq  34  30   0.00007   0.00010     0.00000   0.00000
 93.555 Msq  35  30  -0.00000  -0.00000    -0.00000   0.00000
 93.555 Msq  36  30   0.00001   0.00012    -0.00000   0.00000
 93.555 Msq  37  30  -0.00010  -0.00005    -0.00000   0.00000
 93.555 Msq  38  30   0.00010  -0.00004    -0.00003   0.00011
 93.555 Msq  39  30  -0.00000   0.00000     0.00000  -0.00000
 93.555 Msq  40  30   0.00000   0.00000     0.00003  -0.00010
 93.555 Msq  41  30  -0.00010  -0.00004    -0.00000   0.00000
 93.555 Msq  42  30   0.00009  -0.00005     0.00000   0.00000
 93.555 Msq  43  30  -0.00000  -0.00000     0.00008   0.00005
 93.555 Msq  44  30   0.00000  -0.00000     0.00000  -0.00000
 93.555 Msq  45  30  -0.00000  -0.00000     0.00000   0.00000
 93.555 Msq  46  30   0.00006   0.00007     0.00000  -0.00000
 93.555 Msq  47  30  -0.00000   0.00000     0.00000  -0.00000
 93.555 Msq  48  30   0.00000   0.00000     0.00000  -0.00000
 93.555 Msq  49  30  -0.00008   0.00004    -0.00000  -0.00000
 93.555 Msq  50  30   0.00007  -0.00004    -0.00000   0.00000
 93.555 Msq  31  31   0.00000   0.00000     0.00000  -0.00000
 93.555 Msq  32  31  -0.00003   0.00013     0.00000  -0.00026
 93.555 Msq  33  31   0.00011  -0.00006     0.00000   0.00000
 93.555 Msq  34  31   0.00000  -0.00000     0.00000   0.00000
 93.555 Msq  35  31  -0.00011  -0.00005    -0.00000  -0.00000
 93.555 Msq  36  31  -0.00000   0.00000     0.00004   0.00011
 93.555 Msq  37  31   0.00000   0.00000    -0.00000  -0.00000
 93.555 Msq  38  31  -0.00000   0.00000    -0.00000  -0.00000
 93.555 Msq  39  31   0.00010   0.00004     0.00008   0.00007
 93.555 Msq  40  31   0.00000   0.00000     0.00000  -0.00000
 93.555 Msq  41  31  -0.00000  -0.00000     0.00000   0.00000
 93.555 Msq  42  31  -0.00002  -0.00010    -0.00005   0.00009
 93.555 Msq  43  31  -0.00001   0.00010     0.00009  -0.00003
 93.555 Msq  44  31   0.00000   0.00000     0.00000  -0.00000
 93.555 Msq  45  31  -0.00009  -0.00003    -0.00006   0.00007
 93.555 Msq  46  31  -0.00000  -0.00000    -0.00009  -0.00001
 93.555 Msq  47  31  -0.00001   0.00009     0.00000  -0.00000
 93.555 Msq  48  31   0.00000  -0.00000    -0.00000  -0.00000
 93.555 Msq  49  31  -0.00000  -0.00000     0.00000   0.00000
 93.555 Msq  50  31   0.00000   0.00000    -0.00006  -0.00006
 93.555 Msq  32  32  -0.00002  -0.00013    -0.00007   0.00011
 93.555 Msq  33  32  -0.00011   0.00006    -0.00010  -0.00008
 93.555 Msq  34  32  -0.00000   0.00000     0.00000  -0.00000
 93.555 Msq  35  32  -0.00000   0.00000     0.00003  -0.00012
 93.555 Msq  36  32  -0.00011  -0.00002    -0.00011  -0.00003
 93.555 Msq  37  32  -0.00006  -0.00010     0.00000   0.00000
 93.555 Msq  38  32   0.00010   0.00004     0.00011  -0.00000
 93.555 Msq  39  32  -0.00000  -0.00000    -0.00000   0.00000
 93.555 Msq  40  32   0.00000  -0.00000    -0.00000  -0.00000
 93.555 Msq  41  32   0.00000   0.00000     0.00002  -0.00010
 93.555 Msq  42  32  -0.00000  -0.00000    -0.00000   0.00000
 93.555 Msq  43  32   0.00000  -0.00000     0.00000   0.00000
 93.555 Msq  44  32  -0.00006   0.00008     0.00000  -0.00000
 93.555 Msq  45  32   0.00000   0.00000    -0.00000  -0.00000
 93.555 Msq  46  32   0.00000  -0.00000     0.00000   0.00000
 93.555 Msq  47  32   0.00000  -0.00000    -0.00000   0.00000
 93.555 Msq  48  32   0.00000  -0.00000     0.00000   0.00000
 93.555 Msq  49  32  -0.00000   0.00000    -0.00000  -0.00000
 93.555 Msq  50  32   0.00007  -0.00004     0.00006   0.00005
 93.555 Msq  33  33   0.00005  -0.00012    -0.00000   0.00013
 93.555 Msq  34  33  -0.00012   0.00001    -0.00011  -0.00005
 93.555 Msq  35  33   0.00000  -0.00000    -0.00000   0.00000
 93.555 Msq  36  33  -0.00004   0.00011    -0.00000  -0.00012
 93.555 Msq  37  33  -0.00006   0.00010    -0.00005  -0.00010
 93.555 Msq  38  33  -0.00000  -0.00000    -0.00000   0.00000
 93.555 Msq  39  33   0.00011   0.00001     0.00008  -0.00007
 93.555 Msq  40  33  -0.00000  -0.00010     0.00003   0.00010
 93.555 Msq  41  33   0.00005  -0.00009    -0.00006   0.00008
 93.555 Msq  42  33  -0.00000   0.00000    -0.00000  -0.00000
 93.555 Msq  43  33   0.00000  -0.00000    -0.00000   0.00000
 93.555 Msq  44  33  -0.00000  -0.00000     0.00000   0.00000
 93.555 Msq  45  33   0.00000  -0.00000     0.00000  -0.00000
 93.555 Msq  46  33  -0.00000  -0.00000    -0.00000   0.00000
 93.555 Msq  47  33   0.00000  -0.00000     0.00000   0.00000
 93.555 Msq  48  33   0.00000   0.00000     0.00000  -0.00000
 93.555 Msq  49  33  -0.00000  -0.00000    -0.00000   0.00000
 93.555 Msq  50  33  -0.00000   0.00000     0.00000  -0.00000
 93.555 Msq  34  34   0.00000   0.00000     0.00012   0.00001
 93.555 Msq  35  34  -0.00000  -0.00000    -0.00012  -0.00003
 93.555 Msq  36  34   0.00012  -0.00000     0.00009   0.00008
 93.555 Msq  37  34   0.00011   0.00001     0.00011  -0.00002
 93.555 Msq  38  34  -0.00000   0.00000    -0.00000  -0.00000
 93.555 Msq  39  34  -0.00000   0.00000     0.00000  -0.00000
 93.555 Msq  40  34  -0.00000  -0.00000    -0.00000  -0.00000
 93.555 Msq  41  34  -0.00000  -0.00000     0.00007   0.00007
 93.555 Msq  42  34  -0.00000   0.00000    -0.00000   0.00000
 93.555 Msq  43  34  -0.00000  -0.00000     0.00000   0.00000
 93.555 Msq  44  34   0.00000  -0.00000    -0.00000   0.00000
 93.555 Msq  45  34   0.00000   0.00000     0.00000  -0.00000
 93.555 Msq  46  34  -0.00000   0.00000    -0.00000  -0.00000
 93.555 Msq  47  34   0.00000  -0.00000     0.00000   0.00000
 93.555 Msq  48  34  -0.00000   0.00000    -0.00000   0.00000
 93.555 Msq  49  34   0.00000  -0.00000     0.00000   0.00000
 93.555 Msq  50  34  -0.00004   0.00007    -0.00008  -0.00000
 93.555 Msq  35  35  -0.00000   0.00000     0.00000  -0.00000
 93.555 Msq  36  35  -0.00000   0.00000    -0.00000  -0.00000
 93.555 Msq  37  35   0.00010   0.00005     0.00011  -0.00003
 93.555 Msq  38  35   0.00009  -0.00006     0.00006   0.00009
 93.555 Msq  39  35  -0.00002  -0.00011    -0.00003   0.00010
 93.555 Msq  40  35  -0.00009  -0.00005    -0.00010  -0.00002
 93.555 Msq  41  35  -0.00000   0.00000     0.00000  -0.00000
 93.555 Msq  42  35  -0.00000   0.00000    -0.00000  -0.00000
 93.555 Msq  43  35  -0.00009   0.00004    -0.00003  -0.00009
 93.555 Msq  44  35   0.00000   0.00000     0.00000   0.00000
 93.555 Msq  45  35   0.00008  -0.00005     0.00004   0.00009
 93.555 Msq  46  35  -0.00009  -0.00001    -0.00007  -0.00005
 93.555 Msq  47  35  -0.00000   0.00000    -0.00005  -0.00008
 93.555 Msq  48  35   0.00000  -0.00000     0.00009   0.00002
 93.555 Msq  49  35   0.00000   0.00000     0.00000  -0.00000
 93.555 Msq  50  35   0.00000  -0.00000     0.00000   0.00000
 93.555 Msq  36  36   0.00000   0.00000     0.00000   0.00000
 93.555 Msq  37  36  -0.00006   0.00010     0.00003  -0.00011
 93.555 Msq  38  36   0.00006   0.00021     0.00006  -0.00009
 93.555 Msq  39  36  -0.00006  -0.00009    -0.00006   0.00009
 93.555 Msq  40  36   0.00008  -0.00007     0.00001   0.00010
 93.555 Msq  41  36  -0.00000   0.00000    -0.00000   0.00000
 93.555 Msq  42  36  -0.00000   0.00000    -0.00001  -0.00010
 93.555 Msq  43  36   0.00000   0.00000    -0.00000  -0.00000
 93.555 Msq  44  36  -0.00000  -0.00000    -0.00000   0.00000
 93.555 Msq  45  36   0.00007   0.00006     0.00000   0.00000
 93.555 Msq  46  36   0.00009  -0.00001     0.00009   0.00003
 93.555 Msq  47  36  -0.00000   0.00000    -0.00000   0.00000
 93.555 Msq  48  36  -0.00000  -0.00000    -0.00000   0.00000
 93.555 Msq  49  36   0.00000  -0.00000     0.00000  -0.00000
 93.555 Msq  50  36  -0.00000  -0.00000     0.00000  -0.00000
 93.555 Msq  37  37  -0.00000   0.00000     0.00000  -0.00000
 93.555 Msq  38  37  -0.00000  -0.00000    -0.00000   0.00000
 93.555 Msq  39  37  -0.00004   0.00010     0.00000  -0.00011
 93.555 Msq  40  37  -0.00000   0.00000     0.00000  -0.00000
 93.555 Msq  41  37   0.00008   0.00007     0.00009  -0.00006
 93.555 Msq  42  37   0.00003   0.00010     0.00000  -0.00000
 93.555 Msq  43  37  -0.00001  -0.00010    -0.00000   0.00000
 93.555 Msq  44  37  -0.00000   0.00000    -0.00000  -0.00000
 93.555 Msq  45  37   0.00000  -0.00000     0.00000   0.00000
 93.555 Msq  46  37   0.00000  -0.00000     0.00004   0.00008
 93.555 Msq  47  37   0.00005   0.00008     0.00006  -0.00007
 93.555 Msq  48  37  -0.00002   0.00009     0.00000  -0.00000
 93.555 Msq  49  37   0.00000  -0.00000    -0.00003   0.00008
 93.555 Msq  50  37   0.00000  -0.00000    -0.00000  -0.00000
 93.555 Msq  38  38  -0.00011  -0.00003    -0.00009  -0.00006
 93.555 Msq  39  38   0.00006  -0.00009     0.00004   0.00010
 93.555 Msq  40  38   0.00000  -0.00000    -0.00000  -0.00000
 93.555 Msq  41  38  -0.00000   0.00000     0.00000  -0.00000
 93.555 Msq  42  38   0.00006   0.00008     0.00009  -0.00004
 93.555 Msq  43  38   0.00009  -0.00004    -0.00000   0.00000
 93.555 Msq  44  38  -0.00000  -0.00000    -0.00000   0.00000
 93.555 Msq  45  38   0.00005  -0.00008     0.00000   0.00000
 93.555 Msq  46  38  -0.00003  -0.00009    -0.00007   0.00006
 93.555 Msq  47  38   0.00000   0.00000     0.00008  -0.00004
 93.555 Msq  48  38  -0.00000   0.00000     0.00000  -0.00000
 93.555 Msq  49  38  -0.00000   0.00000    -0.00000  -0.00000
 93.555 Msq  50  38  -0.00000   0.00000    -0.00000  -0.00000
 93.555 Msq  39  39   0.00000  -0.00000     0.00000   0.00000
 93.555 Msq  40  39   0.00000  -0.00000     0.00000  -0.00000
 93.555 Msq  41  39   0.00009   0.00005     0.00010  -0.00001
 93.555 Msq  42  39   0.00003  -0.00010     0.00000   0.00000
 93.555 Msq  43  39  -0.00001  -0.00010     0.00002   0.00010
 93.555 Msq  44  39  -0.00000  -0.00000    -0.00000   0.00000
 93.555 Msq  45  39  -0.00007   0.00006    -0.00000  -0.00000
 93.555 Msq  46  39   0.00009  -0.00001     0.00000   0.00000
 93.555 Msq  47  39   0.00000  -0.00000    -0.00001   0.00009
 93.555 Msq  48  39  -0.00000   0.00000    -0.00000  -0.00000
 93.555 Msq  49  39  -0.00000  -0.00000    -0.00000  -0.00000
 93.555 Msq  50  39   0.00000  -0.00000     0.00003   0.00008
 93.555 Msq  40  40   0.00000  -0.00000     0.00000   0.00000
 93.555 Msq  41  40  -0.00000  -0.00000    -0.00000   0.00000
 93.555 Msq  42  40  -0.00000   0.00000     0.00004  -0.00009
 93.555 Msq  43  40   0.00000   0.00000     0.00009   0.00003
 93.555 Msq  44  40   0.00001  -0.00010    -0.00001   0.00009
 93.555 Msq  45  40  -0.00009   0.00003    -0.00000   0.00000
 93.555 Msq  46  40  -0.00006   0.00007    -0.00008  -0.00005
 93.555 Msq  47  40   0.00008   0.00003     0.00008   0.00003
 93.555 Msq  48  40   0.00000  -0.00000     0.00000   0.00000
 93.555 Msq  49  40  -0.00000  -0.00000    -0.00000  -0.00000
 93.555 Msq  50  40  -0.00008  -0.00001    -0.00000   0.00000
 93.555 Msq  41  41   0.00000  -0.00000    -0.00000   0.00000
 93.555 Msq  42  41  -0.00000   0.00000    -0.00000  -0.00000
 93.555 Msq  43  41   0.00010  -0.00002     0.00000   0.00000
 93.555 Msq  44  41  -0.00003   0.00009     0.00001  -0.00010
 93.555 Msq  45  41   0.00000  -0.00000    -0.00000   0.00000
 93.555 Msq  46  41   0.00009   0.00003     0.00000   0.00000
 93.555 Msq  47  41  -0.00000   0.00000    -0.00005  -0.00007
 93.555 Msq  48  41   0.00007   0.00005     0.00000  -0.00000
 93.555 Msq  49  41   0.00000  -0.00000     0.00000  -0.00000
 93.555 Msq  50  41  -0.00000  -0.00000    -0.00008  -0.00001
 93.555 Msq  42  42   0.00000   0.00000     0.00000  -0.00000
 93.555 Msq  43  42  -0.00000  -0.00000    -0.00000   0.00000
 93.555 Msq  44  42   0.00009   0.00004     0.00010  -0.00001
 93.555 Msq  45  42   0.00002  -0.00009    -0.00000   0.00000
 93.555 Msq  46  42   0.00000  -0.00009     0.00000   0.00000
 93.555 Msq  47  42   0.00000   0.00000     0.00009  -0.00002
 93.555 Msq  48  42   0.00000   0.00000     0.00000  -0.00000
 93.555 Msq  49  42  -0.00000   0.00000     0.00000   0.00000
 93.555 Msq  50  42  -0.00000   0.00000     0.00000   0.00000
 93.555 Msq  43  43   0.00000   0.00000     0.00008  -0.00006
 93.555 Msq  44  43  -0.00000  -0.00000    -0.00000   0.00000
 93.555 Msq  45  43  -0.00000   0.00000    -0.00000  -0.00000
 93.555 Msq  46  43   0.00008  -0.00004     0.00005   0.00008
 93.555 Msq  47  43   0.00000  -0.00000     0.00003   0.00008
 93.555 Msq  48  43  -0.00005  -0.00007    -0.00000   0.00000
 93.555 Msq  49  43  -0.00000   0.00000     0.00004  -0.00008
 93.555 Msq  50  43   0.00000   0.00000     0.00000   0.00000
 93.555 Msq  44  44   0.00008   0.00006     0.00010  -0.00001
 93.555 Msq  45  44  -0.00000  -0.00000    -0.00000   0.00000
 93.555 Msq  46  44  -0.00000  -0.00000    -0.00000   0.00000
 93.555 Msq  47  44   0.00000  -0.00000     0.00000   0.00000
 93.555 Msq  48  44  -0.00000   0.00000    -0.00000   0.00000
 93.555 Msq  49  44  -0.00000  -0.00000    -0.00000  -0.00000
 93.555 Msq  50  44  -0.00000  -0.00000    -0.00000  -0.00000
 93.555 Msq  45  45   0.00000   0.00000     0.00000  -0.00000
 93.555 Msq  46  45   0.00009  -0.00003     0.00006   0.00007
 93.555 Msq  47  45  -0.00006   0.00007    -0.00000  -0.00000
 93.555 Msq  48  45   0.00003  -0.00008    -0.00001   0.00009
 93.555 Msq  49  45  -0.00000  -0.00000    -0.00000  -0.00000
 93.555 Msq  50  45  -0.00000   0.00000    -0.00000  -0.00000
 93.555 Msq  46  46  -0.00000  -0.00000    -0.00009  -0.00001
 93.555 Msq  47  46   0.00000  -0.00000     0.00000   0.00000
 93.555 Msq  48  46  -0.00008   0.00003    -0.00009  -0.00002
 93.555 Msq  49  46   0.00000   0.00000     0.00008   0.00002
 93.555 Msq  50  46   0.00000  -0.00000     0.00000   0.00000
 93.555 Msq  47  47  -0.00000  -0.00000    -0.00000   0.00000
 93.555 Msq  48  47  -0.00001  -0.00009    -0.00005   0.00007
 93.555 Msq  49  47  -0.00008  -0.00004    -0.00009   0.00000
 93.555 Msq  50  47  -0.00000   0.00000    -0.00000  -0.00000
 93.555 Msq  48  48  -0.00000   0.00000     0.00000  -0.00000
 93.555 Msq  49  48   0.00009  -0.00001     0.00008   0.00003
 93.555 Msq  50  48  -0.00000  -0.00000    -0.00000   0.00000
 93.555 Msq  49  49   0.00000   0.00000     0.00000  -0.00000
 93.555 Msq  50  49   0.00001   0.00008     0.00005  -0.00007
 93.555 Msq  50  50   0.00000   0.00000    -0.00000  -0.00000