 57.555 Ssa   0   0   0.00000   0.00000     0.00000   0.00000
 57.555 Ssa   1   0   0.00000   0.00000     0.00000   0.00000
 57.555 Ssa   2   0  -3.60843  -0.13143     0.00000   0.00000
 57.555 Ssa   3   0  -0.06857   0.00484     0.00000   0.00000
 57.555 Ssa   4   0   0.67498  -0.03008     0.00000   0.00000
 57.555 Ssa   5   0  -0.45046  -0.03022     0.00000   0.00000
 57.555 Ssa   6   0   0.26851   0.00025     0.00000   0.00000
 57.555 Ssa   7   0  -0.35957  -0.02012     0.00000   0.00000
 57.555 Ssa   8   0   0.06166  -0.00082     0.00000   0.00000
 57.555 Ssa   9   0  -0.12153  -0.00584     0.00000   0.00000
 57.555 Ssa  10   0  -0.04708  -0.00331     0.00000   0.00000
 57.555 Ssa  11   0  -0.03174  -0.00202     0.00000   0.00000
 57.555 Ssa  12   0  -0.08500  -0.00282     0.00000   0.00000
 57.555 Ssa  13   0  -0.00253  -0.00109     0.00000   0.00000
 57.555 Ssa  14   0  -0.05537  -0.00006     0.00000   0.00000
 57.555 Ssa  15   0   0.01600  -0.00122     0.00000   0.00000
 57.555 Ssa  16   0  -0.04000  -0.00066     0.00000   0.00000
 57.555 Ssa  17   0  -0.00615   0.00058     0.00000   0.00000
 57.555 Ssa  18   0   0.00607  -0.00022     0.00000   0.00000
 57.555 Ssa  19   0  -0.00232   0.00110     0.00000   0.00000
 57.555 Ssa  20   0   0.01202  -0.00013     0.00000   0.00000
 57.555 Ssa  21   0  -0.00294   0.00103     0.00000   0.00000
 57.555 Ssa  22   0   0.01856   0.00149     0.00000   0.00000
 57.555 Ssa  23   0   0.00125   0.00007     0.00000   0.00000
 57.555 Ssa  24   0   0.00883   0.00116     0.00000   0.00000
 57.555 Ssa  25   0   0.00905   0.00044     0.00000   0.00000
 57.555 Ssa  26   0   0.00583   0.00071     0.00000   0.00000
 57.555 Ssa  27   0   0.00181   0.00031     0.00000   0.00000
 57.555 Ssa  28   0  -0.00398  -0.00028     0.00000   0.00000
 57.555 Ssa  29   0   0.00729   0.00019     0.00000   0.00000
 57.555 Ssa  30   0   0.00124  -0.00009     0.00000   0.00000
 57.555 Ssa  31   0  -0.00280   0.00031     0.00000   0.00000
 57.555 Ssa  32   0  -0.00299   0.00004     0.00000   0.00000
 57.555 Ssa  33   0  -0.00288  -0.00036     0.00000   0.00000
 57.555 Ssa  34   0   0.00577  -0.00009     0.00000   0.00000
 57.555 Ssa  35   0  -0.00332  -0.00038     0.00000   0.00000
 57.555 Ssa  36   0   0.00162   0.00010     0.00000   0.00000
 57.555 Ssa  37   0  -0.00440  -0.00035     0.00000   0.00000
 57.555 Ssa  38   0  -0.00086  -0.00020     0.00000   0.00000
 57.555 Ssa  39   0   0.00007  -0.00008     0.00000   0.00000
 57.555 Ssa  40   0  -0.00189  -0.00007     0.00000   0.00000
 57.555 Ssa  41   0   0.00041   0.00000     0.00000   0.00000
 57.555 Ssa  42   0  -0.00610  -0.00033     0.00000   0.00000
 57.555 Ssa  43   0   0.00176   0.00014     0.00000   0.00000
 57.555 Ssa  44   0  -0.00103  -0.00020     0.00000   0.00000
 57.555 Ssa  45   0   0.00120   0.00021     0.00000   0.00000
 57.555 Ssa  46   0  -0.00229  -0.00015     0.00000   0.00000
 57.555 Ssa  47   0  -0.00018   0.00004     0.00000   0.00000
 57.555 Ssa  48   0   0.00175   0.00018     0.00000   0.00000
 57.555 Ssa  49   0  -0.00058  -0.00016     0.00000   0.00000
 57.555 Ssa  50   0   0.00109   0.00014     0.00000   0.00000
 57.555 Ssa   1   1   0.00000   0.00000     0.00000   0.00000
 57.555 Ssa   2   1  -0.02618  -0.00564    -0.02319   0.00742
 57.555 Ssa   3   1   0.03041  -0.01371     0.02770   0.01671
 57.555 Ssa   4   1  -0.00251  -0.00342    -0.00143   0.00210
 57.555 Ssa   5   1   0.02500  -0.01544     0.02232   0.01799
 57.555 Ssa   6   1  -0.01199   0.00631    -0.01150  -0.00827
 57.555 Ssa   7   1   0.00196  -0.01711     0.00006   0.01615
 57.555 Ssa   8   1   0.00870   0.00260     0.00809  -0.00412
 57.555 Ssa   9   1  -0.00134  -0.00681    -0.00132   0.00634
 57.555 Ssa  10   1   0.00113   0.00454     0.00097  -0.00616
 57.555 Ssa  11   1  -0.01787  -0.01049    -0.01801   0.00951
 57.555 Ssa  12   1   0.01211  -0.00671     0.01072   0.00582
 57.555 Ssa  13   1  -0.00687   0.00152    -0.00737  -0.00300
 57.555 Ssa  14   1   0.00077  -0.00623     0.00043   0.00598
 57.555 Ssa  15   1  -0.00363  -0.00593    -0.00475   0.00391
 57.555 Ssa  16   1   0.00545  -0.00816     0.00349   0.00863
 57.555 Ssa  17   1   0.00069   0.00566     0.00166  -0.00570
 57.555 Ssa  18   1  -0.00081  -0.01302    -0.00216   0.01127
 57.555 Ssa  19   1   0.01539   0.00048     0.01409   0.00085
 57.555 Ssa  20   1  -0.00228   0.00233    -0.00336  -0.00297
 57.555 Ssa  21   1   0.00521   0.00217     0.00325  -0.00059
 57.555 Ssa  22   1  -0.00334  -0.00029    -0.00238   0.00178
 57.555 Ssa  23   1   0.00553  -0.00141     0.00498   0.00140
 57.555 Ssa  24   1  -0.00504  -0.00167    -0.00611   0.00271
 57.555 Ssa  25   1   0.00941  -0.01271     0.00855   0.01466
 57.555 Ssa  26   1   0.01507   0.01314     0.01649  -0.00855
 57.555 Ssa  27   1  -0.00377   0.01229     0.00347  -0.01238
 57.555 Ssa  28   1  -0.01682   0.00728    -0.01596  -0.01561
 57.555 Ssa  29   1  -0.00727  -0.02408    -0.01473   0.02332
 57.555 Ssa  30   1   0.01930   0.00494     0.01881  -0.00026
 57.555 Ssa  31   1  -0.00763   0.00828    -0.00723  -0.00792
 57.555 Ssa  32   1  -0.00324   0.00356    -0.00294  -0.00214
 57.555 Ssa  33   1  -0.01811  -0.00555    -0.01740   0.00526
 57.555 Ssa  34   1   0.00819  -0.02352     0.00791   0.02388
 57.555 Ssa  35   1   0.01056   0.00581     0.01097  -0.00605
 57.555 Ssa  36   1   0.00255  -0.00598     0.00190   0.00598
 57.555 Ssa  37   1   0.00766   0.00817     0.00828  -0.00788
 57.555 Ssa  38   1  -0.00263  -0.00368    -0.00334   0.00352
 57.555 Ssa  39   1   0.00784   0.00192     0.00840  -0.00131
 57.555 Ssa  40   1  -0.00245   0.00180    -0.00255  -0.00235
 57.555 Ssa  41   1   0.00605   0.00016     0.00623   0.00060
 57.555 Ssa  42   1  -0.00082   0.00585    -0.00037  -0.00590
 57.555 Ssa  43   1  -0.00002  -0.00186     0.00013   0.00205
 57.555 Ssa  44   1  -0.00078   0.00404    -0.00025  -0.00402
 57.555 Ssa  45   1  -0.00053  -0.00295    -0.00048   0.00306
 57.555 Ssa  46   1   0.00260   0.00344     0.00327  -0.00360
 57.555 Ssa  47   1  -0.00258  -0.00128    -0.00282   0.00092
 57.555 Ssa  48   1   0.00202  -0.00018     0.00236   0.00029
 57.555 Ssa  49   1  -0.00037   0.00087    -0.00035  -0.00125
 57.555 Ssa  50   1   0.00174  -0.00034     0.00172   0.00046
 57.555 Ssa   2   2   0.00265  -0.01063     0.00225   0.00695
 57.555 Ssa   3   2  -0.00140   0.00145    -0.00057  -0.00502
 57.555 Ssa   4   2  -0.00274   0.00526    -0.00111  -0.00669
 57.555 Ssa   5   2  -0.00026  -0.00213    -0.00000   0.00000
 57.555 Ssa   6   2  -0.00172   0.00176    -0.00152  -0.00403
 57.555 Ssa   7   2  -0.01008  -0.00379    -0.00928   0.00279
 57.555 Ssa   8   2  -0.00033   0.00573     0.00037  -0.00764
 57.555 Ssa   9   2  -0.00565  -0.00317    -0.00595   0.00256
 57.555 Ssa  10   2  -0.00085   0.00080    -0.00091  -0.00215
 57.555 Ssa  11   2  -0.00934  -0.00243    -0.00848   0.00128
 57.555 Ssa  12   2  -0.00404  -0.00143    -0.00395  -0.00009
 57.555 Ssa  13   2  -0.00542  -0.00096    -0.00520   0.00001
 57.555 Ssa  14   2  -0.00177  -0.00452    -0.00194   0.00349
 57.555 Ssa  15   2  -0.00428   0.00018    -0.00408  -0.00128
 57.555 Ssa  16   2  -0.00415  -0.00403    -0.00425   0.00314
 57.555 Ssa  17   2  -0.00188  -0.00030    -0.00235  -0.00031
 57.555 Ssa  18   2  -0.00303  -0.00333    -0.00321   0.00282
 57.555 Ssa  19   2  -0.00000   0.00000     0.00019   0.00009
 57.555 Ssa  20   2  -0.00030   0.00027    -0.00036  -0.00095
 57.555 Ssa  21   2   0.00057  -0.00053     0.00037   0.00013
 57.555 Ssa  22   2  -0.00032   0.00183    -0.00074  -0.00191
 57.555 Ssa  23   2   0.00106   0.00018     0.00071   0.00002
 57.555 Ssa  24   2   0.00298   0.00231     0.00313  -0.00210
 57.555 Ssa  25   2   0.00061   0.00135     0.00039  -0.00109
 57.555 Ssa  26   2   0.00098   0.00144     0.00095  -0.00146
 57.555 Ssa  27   2  -0.00123   0.00062    -0.00127  -0.00053
 57.555 Ssa  28   2   0.00271  -0.00075     0.00212   0.00134
 57.555 Ssa  29   2   0.00039   0.00137     0.00050  -0.00069
 57.555 Ssa  30   2   0.00128  -0.00127     0.00111   0.00159
 57.555 Ssa  31   2   0.00173   0.00102     0.00161  -0.00067
 57.555 Ssa  32   2   0.00201  -0.00053     0.00191   0.00082
 57.555 Ssa  33   2   0.00115   0.00134     0.00135  -0.00114
 57.555 Ssa  34   2   0.00058  -0.00188     0.00051   0.00190
 57.555 Ssa  35   2   0.00465   0.00152     0.00456  -0.00095
 57.555 Ssa  36   2   0.00106   0.00295     0.00122  -0.00263
 57.555 Ssa  37   2   0.00111   0.00333     0.00141  -0.00309
 57.555 Ssa  38   2  -0.00258   0.00059    -0.00237  -0.00092
 57.555 Ssa  39   2   0.00182  -0.00067     0.00171   0.00064
 57.555 Ssa  40   2   0.00051   0.00364     0.00050  -0.00353
 57.555 Ssa  41   2  -0.00304   0.00260    -0.00277  -0.00244
 57.555 Ssa  42   2  -0.00346  -0.00104    -0.00336   0.00059
 57.555 Ssa  43   2  -0.00159  -0.00224    -0.00189   0.00198
 57.555 Ssa  44   2  -0.00027  -0.00112    -0.00037   0.00129
 57.555 Ssa  45   2  -0.00234   0.00018    -0.00219  -0.00051
 57.555 Ssa  46   2  -0.00222  -0.00304    -0.00252   0.00315
 57.555 Ssa  47   2  -0.00006  -0.00324     0.00014   0.00323
 57.555 Ssa  48   2   0.00072  -0.00282     0.00056   0.00240
 57.555 Ssa  49   2   0.00276  -0.00100     0.00247   0.00123
 57.555 Ssa  50   2  -0.00065   0.00066    -0.00046  -0.00091
 57.555 Ssa   3   3   0.00075   0.00397     0.00091   0.00289
 57.555 Ssa   4   3  -0.00001  -0.00339     0.00039   0.00507
 57.555 Ssa   5   3  -0.00007  -0.00071    -0.00008   0.00143
 57.555 Ssa   6   3  -0.00012   0.00184    -0.00060  -0.00014
 57.555 Ssa   7   3  -0.00007   0.00107     0.00054   0.00003
 57.555 Ssa   8   3   0.00091  -0.00030     0.00031   0.00091
 57.555 Ssa   9   3  -0.00255  -0.00386    -0.00225   0.00404
 57.555 Ssa  10   3   0.00195  -0.00008     0.00106   0.00050
 57.555 Ssa  11   3  -0.00214  -0.00002    -0.00250  -0.00008
 57.555 Ssa  12   3  -0.00118  -0.00058    -0.00158   0.00045
 57.555 Ssa  13   3  -0.00158  -0.00297    -0.00159   0.00297
 57.555 Ssa  14   3   0.00133  -0.00220     0.00075   0.00216
 57.555 Ssa  15   3  -0.00180   0.00051    -0.00185  -0.00026
 57.555 Ssa  16   3  -0.00113  -0.00166    -0.00139   0.00108
 57.555 Ssa  17   3  -0.00202  -0.00126    -0.00205   0.00120
 57.555 Ssa  18   3   0.00078  -0.00351     0.00034   0.00336
 57.555 Ssa  19   3  -0.00060   0.00024    -0.00042  -0.00010
 57.555 Ssa  20   3  -0.00104  -0.00221    -0.00102   0.00152
 57.555 Ssa  21   3  -0.00039  -0.00089    -0.00060   0.00076
 57.555 Ssa  22   3   0.00010  -0.00149     0.00008   0.00149
 57.555 Ssa  23   3   0.00038  -0.00156     0.00034   0.00120
 57.555 Ssa  24   3  -0.00028   0.00019    -0.00014  -0.00050
 57.555 Ssa  25   3  -0.00046  -0.00087    -0.00062   0.00054
 57.555 Ssa  26   3  -0.00009   0.00013    -0.00014  -0.00046
 57.555 Ssa  27   3  -0.00058  -0.00142    -0.00104   0.00132
 57.555 Ssa  28   3   0.00074   0.00002     0.00054   0.00025
 57.555 Ssa  29   3  -0.00001   0.00014    -0.00002  -0.00014
 57.555 Ssa  30   3  -0.00025   0.00012    -0.00030  -0.00062
 57.555 Ssa  31   3  -0.00067  -0.00066    -0.00075   0.00029
 57.555 Ssa  32   3  -0.00005  -0.00065    -0.00022   0.00061
 57.555 Ssa  33   3   0.00082   0.00032     0.00062   0.00012
 57.555 Ssa  34   3   0.00011   0.00085     0.00002  -0.00049
 57.555 Ssa  35   3  -0.00057   0.00061    -0.00043  -0.00057
 57.555 Ssa  36   3  -0.00043  -0.00039    -0.00046   0.00036
 57.555 Ssa  37   3   0.00011   0.00004     0.00014   0.00017
 57.555 Ssa  38   3   0.00044   0.00000     0.00043   0.00008
 57.555 Ssa  39   3  -0.00025   0.00071    -0.00019  -0.00050
 57.555 Ssa  40   3  -0.00034   0.00024    -0.00038  -0.00017
 57.555 Ssa  41   3  -0.00026  -0.00017    -0.00025   0.00017
 57.555 Ssa  42   3   0.00020   0.00001     0.00020   0.00003
 57.555 Ssa  43   3  -0.00003   0.00019     0.00004  -0.00009
 57.555 Ssa  44   3  -0.00018   0.00044    -0.00016  -0.00055
 57.555 Ssa  45   3  -0.00030   0.00023    -0.00030  -0.00023
 57.555 Ssa  46   3   0.00012  -0.00035     0.00025   0.00038
 57.555 Ssa  47   3   0.00043   0.00033     0.00054  -0.00033
 57.555 Ssa  48   3  -0.00010   0.00043    -0.00006  -0.00044
 57.555 Ssa  49   3   0.00057   0.00065     0.00060  -0.00062
 57.555 Ssa  50   3  -0.00035   0.00068    -0.00022  -0.00073
 57.555 Ssa   4   4   0.00337   0.00038     0.00467  -0.00366
 57.555 Ssa   5   4   0.00015   0.00143     0.00005  -0.00358
 57.555 Ssa   6   4  -0.00088  -0.00086    -0.00123   0.00002
 57.555 Ssa   7   4   0.00090  -0.00134     0.00108   0.00003
 57.555 Ssa   8   4  -0.00034   0.00089    -0.00046  -0.00186
 57.555 Ssa   9   4  -0.00184  -0.00020    -0.00172  -0.00068
 57.555 Ssa  10   4   0.00026   0.00029    -0.00014  -0.00155
 57.555 Ssa  11   4  -0.00129  -0.00062    -0.00133   0.00053
 57.555 Ssa  12   4   0.00097  -0.00021     0.00060  -0.00028
 57.555 Ssa  13   4  -0.00091  -0.00082    -0.00060   0.00069
 57.555 Ssa  14   4  -0.00110  -0.00032    -0.00113  -0.00017
 57.555 Ssa  15   4  -0.00086  -0.00064    -0.00058   0.00056
 57.555 Ssa  16   4  -0.00074  -0.00017    -0.00073  -0.00070
 57.555 Ssa  17   4  -0.00028  -0.00066    -0.00012   0.00070
 57.555 Ssa  18   4  -0.00132   0.00027    -0.00103  -0.00088
 57.555 Ssa  19   4  -0.00039  -0.00018    -0.00042   0.00006
 57.555 Ssa  20   4  -0.00142   0.00018    -0.00092  -0.00081
 57.555 Ssa  21   4   0.00017  -0.00009    -0.00002   0.00019
 57.555 Ssa  22   4  -0.00146   0.00030    -0.00111  -0.00068
 57.555 Ssa  23   4  -0.00052   0.00012    -0.00033  -0.00012
 57.555 Ssa  24   4  -0.00100   0.00023    -0.00063  -0.00058
 57.555 Ssa  25   4  -0.00015  -0.00064    -0.00012   0.00048
 57.555 Ssa  26   4  -0.00015   0.00028    -0.00002  -0.00016
 57.555 Ssa  27   4  -0.00105   0.00019    -0.00077  -0.00001
 57.555 Ssa  28   4   0.00030   0.00000     0.00050  -0.00032
 57.555 Ssa  29   4  -0.00118  -0.00050    -0.00098  -0.00020
 57.555 Ssa  30   4   0.00054  -0.00012     0.00039   0.00013
 57.555 Ssa  31   4  -0.00107   0.00055    -0.00103  -0.00063
 57.555 Ssa  32   4   0.00036  -0.00054     0.00015   0.00076
 57.555 Ssa  33   4   0.00001   0.00025     0.00000  -0.00038
 57.555 Ssa  34   4   0.00012  -0.00003     0.00011   0.00005
 57.555 Ssa  35   4  -0.00007   0.00035    -0.00008  -0.00059
 57.555 Ssa  36   4  -0.00009  -0.00057    -0.00016   0.00056
 57.555 Ssa  37   4   0.00056  -0.00038     0.00041   0.00039
 57.555 Ssa  38   4  -0.00003   0.00022    -0.00012  -0.00031
 57.555 Ssa  39   4   0.00041   0.00014     0.00043   0.00002
 57.555 Ssa  40   4   0.00001  -0.00031     0.00001   0.00010
 57.555 Ssa  41   4   0.00065  -0.00031     0.00049   0.00037
 57.555 Ssa  42   4   0.00044   0.00041     0.00039  -0.00046
 57.555 Ssa  43   4   0.00030   0.00039     0.00027  -0.00029
 57.555 Ssa  44   4   0.00037   0.00009     0.00034  -0.00019
 57.555 Ssa  45   4   0.00021   0.00031     0.00011  -0.00015
 57.555 Ssa  46   4   0.00008   0.00045     0.00009  -0.00045
 57.555 Ssa  47   4   0.00009   0.00044     0.00007  -0.00044
 57.555 Ssa  48   4   0.00034   0.00008     0.00026  -0.00002
 57.555 Ssa  49   4  -0.00001   0.00043     0.00002  -0.00043
 57.555 Ssa  50   4  -0.00040   0.00014    -0.00040  -0.00014
 57.555 Ssa   5   5  -0.00394   0.00311    -0.00430   0.00010
 57.555 Ssa   6   5  -0.00016   0.00122    -0.00000   0.00000
 57.555 Ssa   7   5   0.00161  -0.00003     0.00145   0.00072
 57.555 Ssa   8   5  -0.00191  -0.00013    -0.00231   0.00170
 57.555 Ssa   9   5   0.00089   0.00026     0.00111   0.00083
 57.555 Ssa  10   5   0.00024   0.00074     0.00018  -0.00035
 57.555 Ssa  11   5   0.00011   0.00071     0.00030   0.00019
 57.555 Ssa  12   5  -0.00004  -0.00033    -0.00017   0.00097
 57.555 Ssa  13   5  -0.00113   0.00047    -0.00122   0.00008
 57.555 Ssa  14   5  -0.00014   0.00025    -0.00008  -0.00027
 57.555 Ssa  15   5  -0.00002   0.00027    -0.00016  -0.00021
 57.555 Ssa  16   5  -0.00050  -0.00001    -0.00075  -0.00001
 57.555 Ssa  17   5  -0.00046   0.00013    -0.00071   0.00010
 57.555 Ssa  18   5  -0.00003   0.00022     0.00008  -0.00021
 57.555 Ssa  19   5  -0.00020   0.00009    -0.00036   0.00023
 57.555 Ssa  20   5  -0.00080   0.00015    -0.00080  -0.00015
 57.555 Ssa  21   5  -0.00047  -0.00035    -0.00050   0.00030
 57.555 Ssa  22   5  -0.00034  -0.00015    -0.00037   0.00001
 57.555 Ssa  23   5  -0.00002  -0.00036     0.00012   0.00070
 57.555 Ssa  24   5  -0.00045  -0.00052    -0.00034   0.00039
 57.555 Ssa  25   5  -0.00038  -0.00054    -0.00036   0.00034
 57.555 Ssa  26   5  -0.00013  -0.00029    -0.00006   0.00031
 57.555 Ssa  27   5  -0.00015  -0.00004    -0.00008  -0.00013
 57.555 Ssa  28   5  -0.00053  -0.00106    -0.00061   0.00064
 57.555 Ssa  29   5  -0.00051  -0.00050    -0.00068   0.00052
 57.555 Ssa  30   5   0.00002  -0.00055    -0.00003   0.00083
 57.555 Ssa  31   5  -0.00020   0.00018    -0.00022   0.00015
 57.555 Ssa  32   5  -0.00005  -0.00104    -0.00007   0.00091
 57.555 Ssa  33   5  -0.00024  -0.00045    -0.00034   0.00037
 57.555 Ssa  34   5   0.00015  -0.00097     0.00021   0.00083
 57.555 Ssa  35   5   0.00023  -0.00004     0.00017   0.00016
 57.555 Ssa  36   5  -0.00011  -0.00033    -0.00014   0.00032
 57.555 Ssa  37   5  -0.00007   0.00009    -0.00000  -0.00000
 57.555 Ssa  38   5   0.00009   0.00006     0.00022  -0.00004
 57.555 Ssa  39   5   0.00028  -0.00016     0.00032   0.00006
 57.555 Ssa  40   5  -0.00020   0.00007    -0.00024  -0.00020
 57.555 Ssa  41   5  -0.00016   0.00012    -0.00020   0.00002
 57.555 Ssa  42   5   0.00004   0.00040     0.00008  -0.00029
 57.555 Ssa  43   5  -0.00020  -0.00021    -0.00016   0.00011
 57.555 Ssa  44   5   0.00028  -0.00006     0.00019   0.00003
 57.555 Ssa  45   5  -0.00045   0.00012    -0.00046  -0.00007
 57.555 Ssa  46   5   0.00009  -0.00003     0.00009   0.00002
 57.555 Ssa  47   5  -0.00053  -0.00010    -0.00051   0.00019
 57.555 Ssa  48   5   0.00025  -0.00057     0.00019   0.00059
 57.555 Ssa  49   5  -0.00034  -0.00006    -0.00034   0.00004
 57.555 Ssa  50   5   0.00014  -0.00021     0.00016   0.00030
 57.555 Ssa   6   6   0.00479  -0.00116     0.00488  -0.00066
 57.555 Ssa   7   6   0.00053   0.00011     0.00047  -0.00154
 57.555 Ssa   8   6  -0.00182  -0.00057    -0.00187  -0.00038
 57.555 Ssa   9   6   0.00084  -0.00038     0.00096  -0.00100
 57.555 Ssa  10   6  -0.00033  -0.00021    -0.00036  -0.00014
 57.555 Ssa  11   6   0.00034  -0.00010     0.00038  -0.00061
 57.555 Ssa  12   6  -0.00065  -0.00010    -0.00098  -0.00088
 57.555 Ssa  13   6  -0.00056  -0.00024    -0.00061  -0.00007
 57.555 Ssa  14   6   0.00082  -0.00024     0.00112  -0.00021
 57.555 Ssa  15   6   0.00022  -0.00016     0.00024  -0.00012
 57.555 Ssa  16   6  -0.00041   0.00030    -0.00048  -0.00059
 57.555 Ssa  17   6  -0.00000  -0.00000    -0.00015   0.00018
 57.555 Ssa  18   6   0.00061  -0.00029     0.00067  -0.00000
 57.555 Ssa  19   6  -0.00025  -0.00035    -0.00028   0.00032
 57.555 Ssa  20   6   0.00006   0.00019     0.00006  -0.00061
 57.555 Ssa  21   6  -0.00036  -0.00046    -0.00034   0.00048
 57.555 Ssa  22   6   0.00069   0.00029     0.00064  -0.00039
 57.555 Ssa  23   6   0.00026  -0.00047     0.00021   0.00049
 57.555 Ssa  24   6  -0.00000   0.00000     0.00009  -0.00051
 57.555 Ssa  25   6  -0.00022  -0.00025     0.00002   0.00033
 57.555 Ssa  26   6  -0.00006   0.00015     0.00008  -0.00047
 57.555 Ssa  27   6  -0.00001  -0.00031     0.00006   0.00030
 57.555 Ssa  28   6  -0.00015  -0.00026     0.00007   0.00013
 57.555 Ssa  29   6   0.00040   0.00015     0.00064   0.00033
 57.555 Ssa  30   6  -0.00005   0.00027     0.00016  -0.00038
 57.555 Ssa  31   6   0.00009   0.00010     0.00010  -0.00039
 57.555 Ssa  32   6  -0.00008  -0.00038     0.00000   0.00000
 57.555 Ssa  33   6   0.00038   0.00033     0.00050  -0.00039
 57.555 Ssa  34   6   0.00000  -0.00000     0.00011  -0.00005
 57.555 Ssa  35   6   0.00019   0.00081     0.00015  -0.00070
 57.555 Ssa  36   6  -0.00018  -0.00030    -0.00010   0.00033
 57.555 Ssa  37   6   0.00020   0.00041     0.00022  -0.00040
 57.555 Ssa  38   6   0.00007  -0.00032     0.00009   0.00032
 57.555 Ssa  39   6  -0.00007   0.00008    -0.00002  -0.00011
 57.555 Ssa  40   6   0.00006  -0.00020     0.00012   0.00040
 57.555 Ssa  41   6   0.00007  -0.00008     0.00007   0.00019
 57.555 Ssa  42   6   0.00024  -0.00018     0.00017   0.00010
 57.555 Ssa  43   6   0.00025  -0.00016     0.00018   0.00009
 57.555 Ssa  44   6   0.00017  -0.00009     0.00011   0.00015
 57.555 Ssa  45   6   0.00013  -0.00014     0.00008   0.00005
 57.555 Ssa  46   6   0.00027  -0.00004     0.00026   0.00010
 57.555 Ssa  47   6   0.00034   0.00013     0.00035  -0.00006
 57.555 Ssa  48   6   0.00026   0.00000     0.00026  -0.00003
 57.555 Ssa  49   6   0.00020   0.00028     0.00013  -0.00011
 57.555 Ssa  50   6   0.00025   0.00003     0.00024  -0.00008
 57.555 Ssa   7   7  -0.00297   0.00126    -0.00261   0.00064
 57.555 Ssa   8   7  -0.00035  -0.00033    -0.00046   0.00136
 57.555 Ssa   9   7   0.00033   0.00086     0.00000   0.00000
 57.555 Ssa  10   7  -0.00111   0.00037    -0.00108   0.00046
 57.555 Ssa  11   7   0.00135   0.00046     0.00107  -0.00002
 57.555 Ssa  12   7  -0.00009  -0.00032    -0.00037   0.00127
 57.555 Ssa  13   7   0.00098   0.00073     0.00061  -0.00003
 57.555 Ssa  14   7  -0.00006   0.00057    -0.00000  -0.00000
 57.555 Ssa  15   7  -0.00017   0.00021    -0.00026   0.00007
 57.555 Ssa  16   7   0.00015  -0.00020    -0.00013   0.00048
 57.555 Ssa  17   7   0.00047  -0.00003     0.00043   0.00020
 57.555 Ssa  18   7  -0.00022   0.00064    -0.00018  -0.00041
 57.555 Ssa  19   7   0.00012   0.00018     0.00021  -0.00005
 57.555 Ssa  20   7   0.00020  -0.00005     0.00033   0.00024
 57.555 Ssa  21   7   0.00019   0.00004     0.00026   0.00029
 57.555 Ssa  22   7  -0.00005   0.00037    -0.00001  -0.00037
 57.555 Ssa  23   7  -0.00035   0.00007    -0.00018   0.00002
 57.555 Ssa  24   7  -0.00015  -0.00007    -0.00007   0.00016
 57.555 Ssa  25   7  -0.00026   0.00020    -0.00016   0.00006
 57.555 Ssa  26   7   0.00013   0.00009     0.00014  -0.00007
 57.555 Ssa  27   7  -0.00061   0.00001    -0.00057   0.00023
 57.555 Ssa  28   7   0.00029  -0.00006     0.00028   0.00035
 57.555 Ssa  29   7  -0.00040   0.00041    -0.00017  -0.00023
 57.555 Ssa  30   7  -0.00009  -0.00011     0.00002  -0.00041
 57.555 Ssa  31   7  -0.00039   0.00010    -0.00038  -0.00012
 57.555 Ssa  32   7  -0.00036  -0.00015    -0.00041   0.00031
 57.555 Ssa  33   7  -0.00007   0.00050    -0.00007  -0.00011
 57.555 Ssa  34   7  -0.00022   0.00011    -0.00012  -0.00002
 57.555 Ssa  35   7   0.00003   0.00036     0.00004  -0.00036
 57.555 Ssa  36   7  -0.00049  -0.00030    -0.00050   0.00030
 57.555 Ssa  37   7   0.00028   0.00019     0.00033  -0.00008
 57.555 Ssa  38   7  -0.00043  -0.00008    -0.00032   0.00007
 57.555 Ssa  39   7   0.00024   0.00022     0.00023  -0.00023
 57.555 Ssa  40   7  -0.00041   0.00010    -0.00042  -0.00003
 57.555 Ssa  41   7   0.00001   0.00010     0.00008  -0.00019
 57.555 Ssa  42   7  -0.00018   0.00009    -0.00018  -0.00024
 57.555 Ssa  43   7  -0.00009   0.00004    -0.00009   0.00003
 57.555 Ssa  44   7  -0.00016   0.00024    -0.00014  -0.00025
 57.555 Ssa  45   7  -0.00019   0.00001    -0.00019  -0.00003
 57.555 Ssa  46   7   0.00009   0.00026     0.00007  -0.00036
 57.555 Ssa  47   7  -0.00034  -0.00012    -0.00035   0.00008
 57.555 Ssa  48   7   0.00008   0.00016     0.00010  -0.00024
 57.555 Ssa  49   7  -0.00009   0.00001    -0.00009  -0.00001
 57.555 Ssa  50   7   0.00009   0.00014     0.00008  -0.00024
 57.555 Ssa   8   8   0.00182  -0.00155     0.00185  -0.00049
 57.555 Ssa   9   8   0.00025  -0.00039     0.00045  -0.00012
 57.555 Ssa  10   8   0.00055  -0.00055     0.00037   0.00011
 57.555 Ssa  11   8   0.00071   0.00001     0.00059  -0.00089
 57.555 Ssa  12   8  -0.00132  -0.00001    -0.00120  -0.00054
 57.555 Ssa  13   8   0.00045  -0.00041     0.00031  -0.00001
 57.555 Ssa  14   8  -0.00015  -0.00055    -0.00025  -0.00014
 57.555 Ssa  15   8  -0.00025  -0.00008    -0.00041  -0.00034
 57.555 Ssa  16   8   0.00000   0.00000     0.00020  -0.00073
 57.555 Ssa  17   8   0.00030  -0.00037     0.00024  -0.00003
 57.555 Ssa  18   8   0.00015  -0.00017     0.00022   0.00006
 57.555 Ssa  19   8   0.00028  -0.00033     0.00021   0.00001
 57.555 Ssa  20   8  -0.00015   0.00013    -0.00019  -0.00008
 57.555 Ssa  21   8   0.00016  -0.00011     0.00018   0.00007
 57.555 Ssa  22   8  -0.00004  -0.00018    -0.00016  -0.00010
 57.555 Ssa  23   8  -0.00025  -0.00047    -0.00021   0.00029
 57.555 Ssa  24   8   0.00006   0.00016    -0.00005  -0.00016
 57.555 Ssa  25   8   0.00016  -0.00047     0.00011   0.00031
 57.555 Ssa  26   8   0.00012  -0.00011     0.00005  -0.00015
 57.555 Ssa  27   8  -0.00030  -0.00005    -0.00028   0.00011
 57.555 Ssa  28   8   0.00020   0.00022     0.00022  -0.00039
 57.555 Ssa  29   8  -0.00053  -0.00021    -0.00041  -0.00011
 57.555 Ssa  30   8   0.00000  -0.00042    -0.00021   0.00018
 57.555 Ssa  31   8  -0.00025   0.00031    -0.00026   0.00007
 57.555 Ssa  32   8   0.00020   0.00034     0.00020  -0.00017
 57.555 Ssa  33   8  -0.00012   0.00004    -0.00011   0.00007
 57.555 Ssa  34   8  -0.00019  -0.00045    -0.00012   0.00000
 57.555 Ssa  35   8  -0.00026  -0.00025    -0.00009   0.00008
 57.555 Ssa  36   8   0.00046   0.00000     0.00046  -0.00007
 57.555 Ssa  37   8  -0.00003   0.00011     0.00000  -0.00000
 57.555 Ssa  38   8  -0.00018  -0.00013    -0.00008  -0.00008
 57.555 Ssa  39   8   0.00014   0.00016     0.00019  -0.00010
 57.555 Ssa  40   8   0.00019  -0.00025     0.00030   0.00010
 57.555 Ssa  41   8   0.00020  -0.00003     0.00016  -0.00012
 57.555 Ssa  42   8  -0.00020  -0.00000    -0.00019   0.00005
 57.555 Ssa  43   8   0.00003   0.00009     0.00009  -0.00004
 57.555 Ssa  44   8   0.00000  -0.00000     0.00010   0.00000
 57.555 Ssa  45   8  -0.00001  -0.00009    -0.00004   0.00009
 57.555 Ssa  46   8  -0.00018  -0.00003    -0.00018  -0.00004
 57.555 Ssa  47   8  -0.00000   0.00000    -0.00000  -0.00000
 57.555 Ssa  48   8   0.00000   0.00009     0.00007  -0.00005
 57.555 Ssa  49   8  -0.00008  -0.00002    -0.00008  -0.00004
 57.555 Ssa  50   8  -0.00025  -0.00005    -0.00024  -0.00008
 57.555 Ssa   9   9  -0.00321  -0.00043    -0.00343   0.00138
 57.555 Ssa  10   9  -0.00050   0.00060    -0.00038  -0.00008
 57.555 Ssa  11   9   0.00021   0.00105     0.00026  -0.00025
 57.555 Ssa  12   9  -0.00064  -0.00015    -0.00084   0.00101
 57.555 Ssa  13   9   0.00060  -0.00014     0.00046   0.00040
 57.555 Ssa  14   9  -0.00048   0.00030    -0.00024   0.00016
 57.555 Ssa  15   9   0.00067   0.00044     0.00080   0.00007
 57.555 Ssa  16   9   0.00000  -0.00000    -0.00020   0.00046
 57.555 Ssa  17   9  -0.00020   0.00012    -0.00032   0.00036
 57.555 Ssa  18   9   0.00014   0.00017     0.00015   0.00017
 57.555 Ssa  19   9   0.00000  -0.00000     0.00017   0.00039
 57.555 Ssa  20   9  -0.00036  -0.00019    -0.00049   0.00036
 57.555 Ssa  21   9  -0.00000  -0.00000    -0.00004   0.00019
 57.555 Ssa  22   9  -0.00000   0.00000     0.00000   0.00000
 57.555 Ssa  23   9   0.00016  -0.00007     0.00021   0.00049
 57.555 Ssa  24   9   0.00009  -0.00015     0.00003   0.00017
 57.555 Ssa  25   9  -0.00001  -0.00016     0.00016   0.00029
 57.555 Ssa  26   9  -0.00017   0.00027    -0.00009  -0.00013
 57.555 Ssa  27   9   0.00015  -0.00001     0.00022   0.00022
 57.555 Ssa  28   9  -0.00014  -0.00004    -0.00027  -0.00011
 57.555 Ssa  29   9   0.00043  -0.00005     0.00042   0.00039
 57.555 Ssa  30   9   0.00007   0.00041     0.00027   0.00007
 57.555 Ssa  31   9   0.00032   0.00024     0.00040  -0.00002
 57.555 Ssa  32   9  -0.00010   0.00009    -0.00015  -0.00036
 57.555 Ssa  33   9   0.00037   0.00006     0.00035  -0.00014
 57.555 Ssa  34   9  -0.00011   0.00006    -0.00003  -0.00012
 57.555 Ssa  35   9   0.00005   0.00023     0.00010  -0.00006
 57.555 Ssa  36   9  -0.00024   0.00026    -0.00019  -0.00013
 57.555 Ssa  37   9   0.00001   0.00034     0.00005  -0.00022
 57.555 Ssa  38   9  -0.00006   0.00009    -0.00010  -0.00006
 57.555 Ssa  39   9  -0.00010   0.00019    -0.00010   0.00005
 57.555 Ssa  40   9  -0.00030  -0.00010    -0.00028   0.00014
 57.555 Ssa  41   9  -0.00000   0.00041     0.00004  -0.00009
 57.555 Ssa  42   9   0.00000   0.00000     0.00003   0.00010
 57.555 Ssa  43   9  -0.00011   0.00016    -0.00018  -0.00008
 57.555 Ssa  44   9  -0.00004  -0.00019    -0.00001   0.00019
 57.555 Ssa  45   9   0.00005   0.00018     0.00009  -0.00001
 57.555 Ssa  46   9   0.00009   0.00002     0.00009  -0.00002
 57.555 Ssa  47   9  -0.00001   0.00009    -0.00002  -0.00009
 57.555 Ssa  48   9   0.00001   0.00009     0.00007  -0.00006
 57.555 Ssa  49   9  -0.00000   0.00009     0.00005  -0.00007
 57.555 Ssa  50   9   0.00008   0.00024     0.00008  -0.00015
 57.555 Ssa  10  10   0.00231  -0.00146     0.00195  -0.00006
 57.555 Ssa  11  10   0.00024   0.00026     0.00024  -0.00067
 57.555 Ssa  12  10   0.00032  -0.00009     0.00060  -0.00079
 57.555 Ssa  13  10   0.00078  -0.00049     0.00090  -0.00016
 57.555 Ssa  14  10  -0.00047  -0.00032    -0.00076   0.00039
 57.555 Ssa  15  10   0.00007   0.00026     0.00009  -0.00053
 57.555 Ssa  16  10  -0.00100  -0.00015    -0.00092  -0.00042
 57.555 Ssa  17  10   0.00007  -0.00047     0.00000  -0.00000
 57.555 Ssa  18  10   0.00026  -0.00037     0.00022  -0.00005
 57.555 Ssa  19  10  -0.00041   0.00013    -0.00033  -0.00055
 57.555 Ssa  20  10  -0.00040  -0.00007    -0.00031  -0.00026
 57.555 Ssa  21  10   0.00010  -0.00038     0.00004   0.00019
 57.555 Ssa  22  10   0.00001   0.00019     0.00003  -0.00018
 57.555 Ssa  23  10  -0.00017  -0.00004    -0.00000  -0.00000
 57.555 Ssa  24  10  -0.00034  -0.00005    -0.00027  -0.00021
 57.555 Ssa  25  10  -0.00014  -0.00064    -0.00017   0.00064
 57.555 Ssa  26  10   0.00000   0.00032    -0.00005  -0.00031
 57.555 Ssa  27  10  -0.00026  -0.00055    -0.00012   0.00028
 57.555 Ssa  28  10  -0.00000  -0.00000    -0.00000   0.00000
 57.555 Ssa  29  10   0.00026  -0.00051     0.00022   0.00083
 57.555 Ssa  30  10   0.00008   0.00027     0.00011  -0.00040
 57.555 Ssa  31  10  -0.00038  -0.00055    -0.00027   0.00004
 57.555 Ssa  32  10   0.00000  -0.00013    -0.00005  -0.00012
 57.555 Ssa  33  10  -0.00007  -0.00011    -0.00014   0.00035
 57.555 Ssa  34  10   0.00003   0.00037     0.00002  -0.00024
 57.555 Ssa  35  10  -0.00012   0.00002    -0.00009   0.00008
 57.555 Ssa  36  10  -0.00001  -0.00012    -0.00001  -0.00012
 57.555 Ssa  37  10  -0.00007  -0.00009    -0.00009   0.00007
 57.555 Ssa  38  10   0.00000   0.00000     0.00012  -0.00018
 57.555 Ssa  39  10  -0.00010  -0.00003    -0.00010  -0.00003
 57.555 Ssa  40  10   0.00018  -0.00012     0.00021   0.00000
 57.555 Ssa  41  10  -0.00009   0.00005    -0.00010   0.00004
 57.555 Ssa  42  10  -0.00004  -0.00009     0.00011  -0.00028
 57.555 Ssa  43  10  -0.00019  -0.00006    -0.00020  -0.00002
 57.555 Ssa  44  10   0.00019  -0.00003     0.00019  -0.00002
 57.555 Ssa  45  10  -0.00019   0.00002    -0.00000  -0.00000
 57.555 Ssa  46  10  -0.00005   0.00007     0.00002  -0.00018
 57.555 Ssa  47  10  -0.00018  -0.00000    -0.00009   0.00002
 57.555 Ssa  48  10   0.00003   0.00008     0.00005  -0.00007
 57.555 Ssa  49  10  -0.00008   0.00015     0.00011  -0.00014
 57.555 Ssa  50  10   0.00001   0.00017     0.00012  -0.00012
 57.555 Ssa  11  11  -0.00162   0.00075    -0.00137   0.00040
 57.555 Ssa  12  11  -0.00000  -0.00000    -0.00016   0.00029
 57.555 Ssa  13  11  -0.00059   0.00016    -0.00056   0.00025
 57.555 Ssa  14  11  -0.00054   0.00017    -0.00038   0.00043
 57.555 Ssa  15  11   0.00052   0.00014     0.00053   0.00009
 57.555 Ssa  16  11  -0.00043   0.00026    -0.00050   0.00007
 57.555 Ssa  17  11   0.00046   0.00011     0.00068   0.00020
 57.555 Ssa  18  11   0.00043   0.00013     0.00035   0.00029
 57.555 Ssa  19  11   0.00014   0.00016     0.00009   0.00042
 57.555 Ssa  20  11  -0.00007   0.00019    -0.00012   0.00017
 57.555 Ssa  21  11  -0.00011   0.00016    -0.00006   0.00018
 57.555 Ssa  22  11   0.00011   0.00015     0.00011   0.00015
 57.555 Ssa  23  11   0.00000   0.00000     0.00010   0.00015
 57.555 Ssa  24  11  -0.00034   0.00004    -0.00016   0.00005
 57.555 Ssa  25  11  -0.00010   0.00013    -0.00009   0.00014
 57.555 Ssa  26  11   0.00047  -0.00006     0.00044   0.00019
 57.555 Ssa  27  11   0.00000   0.00000    -0.00000   0.00000
 57.555 Ssa  28  11   0.00007   0.00013     0.00014   0.00004
 57.555 Ssa  29  11  -0.00012   0.00007    -0.00012   0.00008
 57.555 Ssa  30  11   0.00000  -0.00000     0.00002  -0.00014
 57.555 Ssa  31  11  -0.00013  -0.00001    -0.00024   0.00012
 57.555 Ssa  32  11   0.00022   0.00032     0.00013   0.00002
 57.555 Ssa  33  11   0.00001   0.00013     0.00001   0.00025
 57.555 Ssa  34  11   0.00016   0.00018     0.00012  -0.00001
 57.555 Ssa  35  11  -0.00023   0.00005    -0.00017  -0.00017
 57.555 Ssa  36  11  -0.00011  -0.00003    -0.00002  -0.00011
 57.555 Ssa  37  11   0.00033   0.00008     0.00031   0.00014
 57.555 Ssa  38  11  -0.00002   0.00011    -0.00000  -0.00000
 57.555 Ssa  39  11  -0.00012   0.00018    -0.00016  -0.00014
 57.555 Ssa  40  11  -0.00011   0.00018    -0.00011  -0.00018
 57.555 Ssa  41  11   0.00020   0.00004     0.00020   0.00006
 57.555 Ssa  42  11  -0.00000   0.00000    -0.00005  -0.00009
 57.555 Ssa  43  11  -0.00003   0.00009    -0.00008   0.00005
 57.555 Ssa  44  11  -0.00018   0.00006    -0.00019  -0.00004
 57.555 Ssa  45  11   0.00013   0.00014     0.00009   0.00003
 57.555 Ssa  46  11  -0.00006  -0.00007    -0.00003   0.00009
 57.555 Ssa  47  11   0.00005   0.00007    -0.00002   0.00009
 57.555 Ssa  48  11  -0.00004  -0.00017    -0.00005   0.00007
 57.555 Ssa  49  11   0.00016   0.00020     0.00017   0.00003
 57.555 Ssa  50  11  -0.00007  -0.00004    -0.00008   0.00002
 57.555 Ssa  12  12   0.00193  -0.00045     0.00221  -0.00065
 57.555 Ssa  13  12   0.00005  -0.00030    -0.00000  -0.00000
 57.555 Ssa  14  12   0.00026  -0.00051     0.00025  -0.00014
 57.555 Ssa  15  12   0.00053  -0.00005     0.00059  -0.00054
 57.555 Ssa  16  12  -0.00025   0.00002    -0.00025  -0.00006
 57.555 Ssa  17  12   0.00042  -0.00022     0.00048   0.00001
 57.555 Ssa  18  12  -0.00064  -0.00020    -0.00067  -0.00011
 57.555 Ssa  19  12   0.00000   0.00000     0.00011  -0.00041
 57.555 Ssa  20  12  -0.00011  -0.00017    -0.00013  -0.00016
 57.555 Ssa  21  12  -0.00008  -0.00018    -0.00019  -0.00003
 57.555 Ssa  22  12  -0.00009  -0.00036    -0.00016   0.00009
 57.555 Ssa  23  12   0.00000  -0.00000     0.00006  -0.00035
 57.555 Ssa  24  12  -0.00000  -0.00000     0.00000  -0.00000
 57.555 Ssa  25  12   0.00016  -0.00001     0.00015   0.00006
 57.555 Ssa  26  12  -0.00011  -0.00030    -0.00009   0.00013
 57.555 Ssa  27  12  -0.00043  -0.00017    -0.00031  -0.00002
 57.555 Ssa  28  12   0.00001  -0.00015     0.00000  -0.00000
 57.555 Ssa  29  12  -0.00038  -0.00019    -0.00028  -0.00003
 57.555 Ssa  30  12   0.00006  -0.00027     0.00009   0.00026
 57.555 Ssa  31  12   0.00000   0.00013    -0.00011   0.00024
 57.555 Ssa  32  12  -0.00008  -0.00010    -0.00000   0.00000
 57.555 Ssa  33  12  -0.00036  -0.00012    -0.00032  -0.00020
 57.555 Ssa  34  12  -0.00000  -0.00012     0.00012  -0.00022
 57.555 Ssa  35  12  -0.00022  -0.00010    -0.00024  -0.00004
 57.555 Ssa  36  12  -0.00004   0.00011    -0.00003  -0.00011
 57.555 Ssa  37  12  -0.00020   0.00011    -0.00023  -0.00002
 57.555 Ssa  38  12  -0.00009   0.00020    -0.00009  -0.00032
 57.555 Ssa  39  12  -0.00000  -0.00011    -0.00006   0.00021
 57.555 Ssa  40  12  -0.00008   0.00006    -0.00007  -0.00020
 57.555 Ssa  41  12  -0.00004  -0.00020     0.00003   0.00020
 57.555 Ssa  42  12  -0.00006   0.00029    -0.00003  -0.00020
 57.555 Ssa  43  12  -0.00007  -0.00018    -0.00005   0.00019
 57.555 Ssa  44  12  -0.00010  -0.00000    -0.00007  -0.00018
 57.555 Ssa  45  12   0.00012  -0.00014     0.00015   0.00011
 57.555 Ssa  46  12   0.00006   0.00007     0.00003  -0.00018
 57.555 Ssa  47  12  -0.00018  -0.00001    -0.00017  -0.00005
 57.555 Ssa  48  12   0.00000   0.00000     0.00003  -0.00008
 57.555 Ssa  49  12  -0.00003   0.00008    -0.00000   0.00000
 57.555 Ssa  50  12   0.00016  -0.00006     0.00008  -0.00003
 57.555 Ssa  13  13  -0.00125   0.00089    -0.00150   0.00029
 57.555 Ssa  14  13   0.00050  -0.00027     0.00020   0.00054
 57.555 Ssa  15  13  -0.00052   0.00013    -0.00046   0.00027
 57.555 Ssa  16  13  -0.00071   0.00025    -0.00074   0.00013
 57.555 Ssa  17  13   0.00023  -0.00006     0.00003   0.00024
 57.555 Ssa  18  13  -0.00000   0.00000    -0.00018   0.00041
 57.555 Ssa  19  13   0.00078   0.00036     0.00085  -0.00005
 57.555 Ssa  20  13  -0.00018   0.00037    -0.00017  -0.00011
 57.555 Ssa  21  13   0.00000  -0.00000    -0.00012   0.00037
 57.555 Ssa  22  13   0.00016  -0.00010     0.00008   0.00036
 57.555 Ssa  23  13   0.00020   0.00030     0.00036  -0.00001
 57.555 Ssa  24  13   0.00010   0.00033     0.00015  -0.00007
 57.555 Ssa  25  13  -0.00011  -0.00013    -0.00026   0.00021
 57.555 Ssa  26  13  -0.00028  -0.00015    -0.00036   0.00031
 57.555 Ssa  27  13   0.00009   0.00012     0.00015   0.00001
 57.555 Ssa  28  13   0.00013  -0.00008     0.00012   0.00009
 57.555 Ssa  29  13   0.00014   0.00001    -0.00005   0.00014
 57.555 Ssa  30  13   0.00000   0.00014    -0.00009   0.00026
 57.555 Ssa  31  13   0.00012   0.00024     0.00019  -0.00019
 57.555 Ssa  32  13  -0.00024  -0.00031    -0.00013   0.00002
 57.555 Ssa  33  13   0.00007  -0.00010    -0.00005   0.00012
 57.555 Ssa  34  13  -0.00007   0.00024    -0.00008   0.00009
 57.555 Ssa  35  13   0.00009   0.00035     0.00010   0.00006
 57.555 Ssa  36  13   0.00000  -0.00000     0.00002   0.00023
 57.555 Ssa  37  13   0.00000  -0.00000     0.00002   0.00011
 57.555 Ssa  38  13   0.00011  -0.00002     0.00011   0.00003
 57.555 Ssa  39  13   0.00021  -0.00001     0.00020   0.00008
 57.555 Ssa  40  13  -0.00006  -0.00008    -0.00007   0.00007
 57.555 Ssa  41  13   0.00020  -0.00002     0.00018   0.00010
 57.555 Ssa  42  13   0.00020   0.00023     0.00024  -0.00018
 57.555 Ssa  43  13   0.00017  -0.00010     0.00007   0.00006
 57.555 Ssa  44  13  -0.00000   0.00000    -0.00001  -0.00009
 57.555 Ssa  45  13   0.00000   0.00009    -0.00003   0.00009
 57.555 Ssa  46  13   0.00010   0.00026     0.00011  -0.00025
 57.555 Ssa  47  13   0.00002   0.00009    -0.00004   0.00008
 57.555 Ssa  48  13   0.00004   0.00008     0.00000   0.00000
 57.555 Ssa  49  13  -0.00011   0.00013    -0.00016  -0.00006
 57.555 Ssa  50  13   0.00008   0.00002     0.00008   0.00000
 57.555 Ssa  14  14   0.00139  -0.00031     0.00177  -0.00093
 57.555 Ssa  15  14  -0.00015  -0.00022    -0.00023  -0.00013
 57.555 Ssa  16  14   0.00047  -0.00019     0.00049  -0.00013
 57.555 Ssa  17  14   0.00045   0.00017     0.00044  -0.00056
 57.555 Ssa  18  14  -0.00000  -0.00000    -0.00009  -0.00021
 57.555 Ssa  19  14   0.00052  -0.00038     0.00042   0.00005
 57.555 Ssa  20  14  -0.00057  -0.00021    -0.00061  -0.00006
 57.555 Ssa  21  14  -0.00000  -0.00000     0.00006  -0.00019
 57.555 Ssa  22  14  -0.00034  -0.00015    -0.00031  -0.00021
 57.555 Ssa  23  14  -0.00005  -0.00017    -0.00005  -0.00017
 57.555 Ssa  24  14  -0.00011  -0.00013    -0.00005  -0.00016
 57.555 Ssa  25  14  -0.00010  -0.00013     0.00004  -0.00016
 57.555 Ssa  26  14  -0.00013  -0.00010    -0.00015   0.00006
 57.555 Ssa  27  14   0.00029  -0.00009     0.00030  -0.00008
 57.555 Ssa  28  14  -0.00015  -0.00002    -0.00014  -0.00026
 57.555 Ssa  29  14  -0.00001   0.00014     0.00007  -0.00013
 57.555 Ssa  30  14  -0.00013  -0.00005    -0.00005  -0.00013
 57.555 Ssa  31  14  -0.00013  -0.00024    -0.00021  -0.00016
 57.555 Ssa  32  14  -0.00025  -0.00007    -0.00025   0.00007
 57.555 Ssa  33  14   0.00027   0.00027     0.00038   0.00003
 57.555 Ssa  34  14  -0.00007   0.00010    -0.00007  -0.00010
 57.555 Ssa  35  14   0.00022  -0.00009     0.00011  -0.00005
 57.555 Ssa  36  14  -0.00027  -0.00023    -0.00023  -0.00003
 57.555 Ssa  37  14   0.00022  -0.00006     0.00022  -0.00005
 57.555 Ssa  38  14  -0.00010   0.00020    -0.00003  -0.00022
 57.555 Ssa  39  14   0.00010   0.00019     0.00009  -0.00020
 57.555 Ssa  40  14  -0.00031  -0.00004    -0.00042  -0.00006
 57.555 Ssa  41  14   0.00020   0.00002     0.00018   0.00009
 57.555 Ssa  42  14  -0.00019  -0.00007    -0.00008  -0.00006
 57.555 Ssa  43  14  -0.00006   0.00007    -0.00003  -0.00019
 57.555 Ssa  44  14  -0.00018  -0.00006    -0.00019   0.00002
 57.555 Ssa  45  14   0.00000  -0.00000    -0.00002   0.00009
 57.555 Ssa  46  14  -0.00005  -0.00018     0.00000   0.00000
 57.555 Ssa  47  14  -0.00000  -0.00000     0.00004   0.00008
 57.555 Ssa  48  14  -0.00002  -0.00017    -0.00005   0.00007
 57.555 Ssa  49  14   0.00006  -0.00006     0.00005   0.00007
 57.555 Ssa  50  14   0.00010  -0.00014     0.00008   0.00000
 57.555 Ssa  15  15  -0.00160   0.00017    -0.00146   0.00066
 57.555 Ssa  16  15   0.00013  -0.00021    -0.00001   0.00050
 57.555 Ssa  17  15  -0.00010   0.00022    -0.00022   0.00042
 57.555 Ssa  18  15  -0.00033   0.00030    -0.00019   0.00013
 57.555 Ssa  19  15  -0.00021   0.00001    -0.00020   0.00006
 57.555 Ssa  20  15  -0.00061   0.00007    -0.00059   0.00014
 57.555 Ssa  21  15   0.00057   0.00013     0.00058   0.00005
 57.555 Ssa  22  15   0.00002   0.00018    -0.00000   0.00000
 57.555 Ssa  23  15   0.00018   0.00003     0.00024   0.00027
 57.555 Ssa  24  15   0.00015  -0.00009     0.00015   0.00031
 57.555 Ssa  25  15   0.00015   0.00029     0.00016   0.00001
 57.555 Ssa  26  15   0.00007   0.00031     0.00000   0.00000
 57.555 Ssa  27  15   0.00010   0.00011     0.00000  -0.00000
 57.555 Ssa  28  15  -0.00010   0.00011    -0.00011   0.00010
 57.555 Ssa  29  15   0.00021   0.00020     0.00014  -0.00002
 57.555 Ssa  30  15  -0.00007   0.00012    -0.00009  -0.00011
 57.555 Ssa  31  15   0.00025   0.00011     0.00006   0.00012
 57.555 Ssa  32  15   0.00024   0.00031     0.00022   0.00014
 57.555 Ssa  33  15   0.00022   0.00013     0.00025  -0.00005
 57.555 Ssa  34  15  -0.00021  -0.00013    -0.00020  -0.00014
 57.555 Ssa  35  15   0.00018  -0.00015     0.00011   0.00005
 57.555 Ssa  36  15  -0.00008   0.00008    -0.00000  -0.00000
 57.555 Ssa  37  15   0.00011   0.00003     0.00013   0.00019
 57.555 Ssa  38  15  -0.00010   0.00005    -0.00017   0.00014
 57.555 Ssa  39  15   0.00005  -0.00010     0.00004   0.00021
 57.555 Ssa  40  15  -0.00009   0.00005    -0.00004   0.00010
 57.555 Ssa  41  15   0.00004  -0.00010     0.00002   0.00010
 57.555 Ssa  42  15  -0.00025  -0.00016    -0.00017   0.00010
 57.555 Ssa  43  15   0.00010  -0.00001     0.00008   0.00018
 57.555 Ssa  44  15  -0.00009  -0.00002    -0.00007   0.00006
 57.555 Ssa  45  15  -0.00003  -0.00009    -0.00000   0.00000
 57.555 Ssa  46  15  -0.00002  -0.00009     0.00000   0.00000
 57.555 Ssa  47  15   0.00000  -0.00000    -0.00000   0.00009
 57.555 Ssa  48  15  -0.00013  -0.00012    -0.00009  -0.00002
 57.555 Ssa  49  15  -0.00000   0.00000    -0.00003   0.00008
 57.555 Ssa  50  15   0.00000   0.00000     0.00000  -0.00000
 57.555 Ssa  16  16   0.00068  -0.00032     0.00092  -0.00042
 57.555 Ssa  17  16  -0.00046  -0.00013    -0.00047  -0.00005
 57.555 Ssa  18  16   0.00033  -0.00031     0.00038  -0.00024
 57.555 Ssa  19  16   0.00040  -0.00014     0.00038  -0.00019
 57.555 Ssa  20  16   0.00018  -0.00010     0.00017  -0.00011
 57.555 Ssa  21  16   0.00017  -0.00010     0.00037  -0.00012
 57.555 Ssa  22  16  -0.00053  -0.00018    -0.00037   0.00006
 57.555 Ssa  23  16   0.00018  -0.00003     0.00030  -0.00019
 57.555 Ssa  24  16  -0.00034   0.00007    -0.00020  -0.00028
 57.555 Ssa  25  16  -0.00012  -0.00011    -0.00016  -0.00005
 57.555 Ssa  26  16  -0.00020  -0.00043    -0.00014   0.00007
 57.555 Ssa  27  16   0.00002  -0.00015     0.00002  -0.00015
 57.555 Ssa  28  16   0.00000   0.00000     0.00006  -0.00014
 57.555 Ssa  29  16   0.00011  -0.00008     0.00010  -0.00011
 57.555 Ssa  30  16  -0.00023  -0.00015    -0.00027  -0.00004
 57.555 Ssa  31  16   0.00012   0.00006     0.00013  -0.00004
 57.555 Ssa  32  16   0.00013   0.00002     0.00016  -0.00020
 57.555 Ssa  33  16  -0.00014  -0.00021    -0.00016  -0.00020
 57.555 Ssa  34  16  -0.00016  -0.00018    -0.00025   0.00000
 57.555 Ssa  35  16   0.00000   0.00012    -0.00000   0.00000
 57.555 Ssa  36  16   0.00015   0.00018     0.00012   0.00001
 57.555 Ssa  37  16   0.00011   0.00004     0.00011   0.00002
 57.555 Ssa  38  16  -0.00001  -0.00011    -0.00001  -0.00011
 57.555 Ssa  39  16  -0.00003  -0.00021     0.00003   0.00010
 57.555 Ssa  40  16   0.00009  -0.00005     0.00008  -0.00007
 57.555 Ssa  41  16  -0.00014  -0.00015    -0.00009  -0.00005
 57.555 Ssa  42  16  -0.00009   0.00005    -0.00002  -0.00020
 57.555 Ssa  43  16   0.00009  -0.00005     0.00017   0.00010
 57.555 Ssa  44  16  -0.00011  -0.00016    -0.00008   0.00005
 57.555 Ssa  45  16  -0.00018   0.00004    -0.00014  -0.00013
 57.555 Ssa  46  16  -0.00006   0.00007    -0.00001  -0.00018
 57.555 Ssa  47  16   0.00007   0.00006     0.00008  -0.00004
 57.555 Ssa  48  16  -0.00004  -0.00008    -0.00004   0.00008
 57.555 Ssa  49  16  -0.00009   0.00015    -0.00008  -0.00002
 57.555 Ssa  50  16  -0.00015   0.00008    -0.00008  -0.00015
 57.555 Ssa  17  17  -0.00139   0.00032    -0.00158   0.00052
 57.555 Ssa  18  17   0.00036   0.00027     0.00045   0.00004
 57.555 Ssa  19  17  -0.00012   0.00041    -0.00012   0.00018
 57.555 Ssa  20  17  -0.00018   0.00009    -0.00013   0.00015
 57.555 Ssa  21  17  -0.00019   0.00003    -0.00018   0.00007
 57.555 Ssa  22  17  -0.00037   0.00003    -0.00046   0.00031
 57.555 Ssa  23  17   0.00035   0.00009     0.00034   0.00011
 57.555 Ssa  24  17  -0.00023   0.00025    -0.00032  -0.00011
 57.555 Ssa  25  17   0.00028   0.00017     0.00033  -0.00002
 57.555 Ssa  26  17   0.00013  -0.00009     0.00017   0.00027
 57.555 Ssa  27  17   0.00012   0.00010     0.00012   0.00028
 57.555 Ssa  28  17   0.00001   0.00015    -0.00000   0.00000
 57.555 Ssa  29  17   0.00020   0.00021     0.00009  -0.00011
 57.555 Ssa  30  17   0.00011   0.00008     0.00010   0.00026
 57.555 Ssa  31  17   0.00013   0.00004     0.00017   0.00021
 57.555 Ssa  32  17  -0.00034  -0.00020    -0.00026  -0.00001
 57.555 Ssa  33  17   0.00013   0.00000     0.00007   0.00024
 57.555 Ssa  34  17   0.00022   0.00011     0.00022   0.00030
 57.555 Ssa  35  17  -0.00004   0.00011     0.00002   0.00012
 57.555 Ssa  36  17  -0.00010  -0.00005    -0.00011  -0.00002
 57.555 Ssa  37  17   0.00015  -0.00031     0.00010   0.00006
 57.555 Ssa  38  17  -0.00008  -0.00007    -0.00000  -0.00000
 57.555 Ssa  39  17  -0.00010   0.00004    -0.00006   0.00009
 57.555 Ssa  40  17  -0.00022   0.00023    -0.00027  -0.00016
 57.555 Ssa  41  17   0.00007  -0.00008     0.00005   0.00020
 57.555 Ssa  42  17   0.00011   0.00017     0.00000   0.00000
 57.555 Ssa  43  17  -0.00010  -0.00002    -0.00010   0.00000
 57.555 Ssa  44  17  -0.00027   0.00009    -0.00023  -0.00017
 57.555 Ssa  45  17   0.00000   0.00000     0.00005   0.00018
 57.555 Ssa  46  17   0.00008   0.00004     0.00000   0.00009
 57.555 Ssa  47  17  -0.00009  -0.00002    -0.00008   0.00003
 57.555 Ssa  48  17  -0.00003   0.00008     0.00001  -0.00009
 57.555 Ssa  49  17  -0.00007  -0.00005    -0.00002   0.00008
 57.555 Ssa  50  17   0.00007  -0.00005     0.00000   0.00000
 57.555 Ssa  18  18   0.00066  -0.00061     0.00066   0.00015
 57.555 Ssa  19  18  -0.00010   0.00042    -0.00011  -0.00063
 57.555 Ssa  20  18   0.00039  -0.00013     0.00053  -0.00031
 57.555 Ssa  21  18   0.00008  -0.00058     0.00008   0.00038
 57.555 Ssa  22  18   0.00015  -0.00034     0.00010   0.00015
 57.555 Ssa  23  18   0.00034   0.00011     0.00041  -0.00034
 57.555 Ssa  24  18  -0.00022   0.00026    -0.00017  -0.00030
 57.555 Ssa  25  18   0.00028  -0.00017     0.00033   0.00004
 57.555 Ssa  26  18  -0.00029  -0.00013    -0.00032  -0.00004
 57.555 Ssa  27  18  -0.00015  -0.00000    -0.00008  -0.00013
 57.555 Ssa  28  18  -0.00028  -0.00011    -0.00026  -0.00013
 57.555 Ssa  29  18  -0.00013  -0.00005    -0.00009  -0.00011
 57.555 Ssa  30  18   0.00013   0.00005     0.00014  -0.00024
 57.555 Ssa  31  18  -0.00000   0.00000     0.00006  -0.00026
 57.555 Ssa  32  18  -0.00006  -0.00012    -0.00022   0.00013
 57.555 Ssa  33  18  -0.00012  -0.00005    -0.00010   0.00023
 57.555 Ssa  34  18  -0.00000   0.00000     0.00002  -0.00024
 57.555 Ssa  35  18  -0.00035  -0.00008    -0.00015  -0.00032
 57.555 Ssa  36  18   0.00000  -0.00012    -0.00005  -0.00010
 57.555 Ssa  37  18  -0.00011  -0.00002    -0.00022   0.00006
 57.555 Ssa  38  18  -0.00011   0.00001    -0.00011   0.00003
 57.555 Ssa  39  18  -0.00021   0.00005    -0.00019   0.00011
 57.555 Ssa  40  18  -0.00010  -0.00000    -0.00009  -0.00006
 57.555 Ssa  41  18  -0.00000  -0.00000    -0.00000   0.00000
 57.555 Ssa  42  18   0.00008  -0.00006     0.00008  -0.00007
 57.555 Ssa  43  18  -0.00039  -0.00005    -0.00027  -0.00011
 57.555 Ssa  44  18   0.00009   0.00001     0.00017  -0.00008
 57.555 Ssa  45  18  -0.00018  -0.00003    -0.00017   0.00008
 57.555 Ssa  46  18   0.00025  -0.00011     0.00024  -0.00013
 57.555 Ssa  47  18  -0.00018  -0.00003    -0.00016  -0.00007
 57.555 Ssa  48  18   0.00016   0.00007     0.00016  -0.00021
 57.555 Ssa  49  18  -0.00021  -0.00015    -0.00021   0.00014
 57.555 Ssa  50  18   0.00000  -0.00000    -0.00000   0.00000
 57.555 Ssa  19  19  -0.00124   0.00083    -0.00128  -0.00007
 57.555 Ssa  20  19  -0.00006   0.00040    -0.00005  -0.00040
 57.555 Ssa  21  19  -0.00038   0.00010    -0.00038   0.00010
 57.555 Ssa  22  19  -0.00036  -0.00011    -0.00031   0.00047
 57.555 Ssa  23  19  -0.00034   0.00009    -0.00017   0.00006
 57.555 Ssa  24  19  -0.00043   0.00029    -0.00068  -0.00010
 57.555 Ssa  25  19   0.00031  -0.00011     0.00030   0.00014
 57.555 Ssa  26  19  -0.00016   0.00002    -0.00023   0.00022
 57.555 Ssa  27  19   0.00045  -0.00006     0.00059   0.00015
 57.555 Ssa  28  19  -0.00008   0.00029    -0.00008  -0.00012
 57.555 Ssa  29  19   0.00003   0.00014     0.00003   0.00014
 57.555 Ssa  30  19   0.00014   0.00024     0.00000  -0.00000
 57.555 Ssa  31  19   0.00000  -0.00000     0.00000   0.00000
 57.555 Ssa  32  19  -0.00008   0.00038    -0.00006  -0.00011
 57.555 Ssa  33  19   0.00020   0.00015     0.00025   0.00006
 57.555 Ssa  34  19  -0.00011   0.00005    -0.00020  -0.00014
 57.555 Ssa  35  19   0.00001   0.00012    -0.00007  -0.00010
 57.555 Ssa  36  19  -0.00003   0.00023     0.00008   0.00022
 57.555 Ssa  37  19   0.00018   0.00014     0.00012   0.00019
 57.555 Ssa  38  19   0.00010   0.00004     0.00011   0.00003
 57.555 Ssa  39  19  -0.00000   0.00011    -0.00005  -0.00021
 57.555 Ssa  40  19  -0.00003  -0.00010    -0.00000  -0.00000
 57.555 Ssa  41  19   0.00006  -0.00008     0.00015   0.00014
 57.555 Ssa  42  19  -0.00030   0.00002    -0.00029   0.00007
 57.555 Ssa  43  19  -0.00003   0.00029    -0.00009  -0.00028
 57.555 Ssa  44  19  -0.00005   0.00008    -0.00010   0.00016
 57.555 Ssa  45  19   0.00008   0.00005     0.00006  -0.00008
 57.555 Ssa  46  19  -0.00026  -0.00009    -0.00016   0.00022
 57.555 Ssa  47  19  -0.00013   0.00024    -0.00015  -0.00010
 57.555 Ssa  48  19  -0.00011  -0.00014    -0.00013   0.00023
 57.555 Ssa  49  19  -0.00002   0.00017    -0.00002  -0.00008
 57.555 Ssa  50  19   0.00003   0.00008     0.00005   0.00007
 57.555 Ssa  20  20   0.00081  -0.00011     0.00115  -0.00041
 57.555 Ssa  21  20  -0.00056   0.00018    -0.00049  -0.00032
 57.555 Ssa  22  20  -0.00019   0.00000    -0.00005  -0.00037
 57.555 Ssa  23  20  -0.00001  -0.00018     0.00000  -0.00000
 57.555 Ssa  24  20   0.00017   0.00003     0.00011  -0.00013
 57.555 Ssa  25  20   0.00023   0.00044     0.00018  -0.00081
 57.555 Ssa  26  20  -0.00009   0.00013    -0.00002  -0.00016
 57.555 Ssa  27  20   0.00065  -0.00065     0.00061   0.00046
 57.555 Ssa  28  20  -0.00030  -0.00051    -0.00031   0.00050
 57.555 Ssa  29  20  -0.00057   0.00009    -0.00048  -0.00032
 57.555 Ssa  30  20  -0.00042   0.00055    -0.00036  -0.00090
 57.555 Ssa  31  20   0.00000   0.00000     0.00013  -0.00024
 57.555 Ssa  32  20   0.00004  -0.00039     0.00004   0.00026
 57.555 Ssa  33  20  -0.00018  -0.00047    -0.00023   0.00011
 57.555 Ssa  34  20  -0.00024   0.00003    -0.00021  -0.00013
 57.555 Ssa  35  20   0.00019   0.00014     0.00024  -0.00001
 57.555 Ssa  36  20  -0.00035   0.00003    -0.00031  -0.00016
 57.555 Ssa  37  20  -0.00011  -0.00001    -0.00003  -0.00034
 57.555 Ssa  38  20   0.00015  -0.00030     0.00022   0.00004
 57.555 Ssa  39  20  -0.00012  -0.00041    -0.00007   0.00020
 57.555 Ssa  40  20  -0.00029   0.00012    -0.00031  -0.00005
 57.555 Ssa  41  20  -0.00006   0.00030     0.00000  -0.00021
 57.555 Ssa  42  20   0.00009   0.00003     0.00020   0.00003
 57.555 Ssa  43  20  -0.00008  -0.00028    -0.00012   0.00037
 57.555 Ssa  44  20  -0.00038   0.00002    -0.00042  -0.00023
 57.555 Ssa  45  20  -0.00016   0.00009    -0.00006  -0.00027
 57.555 Ssa  46  20   0.00027  -0.00003     0.00035   0.00012
 57.555 Ssa  47  20  -0.00015  -0.00010    -0.00015   0.00023
 57.555 Ssa  48  20  -0.00031   0.00016    -0.00039  -0.00036
 57.555 Ssa  49  20  -0.00003   0.00017     0.00003  -0.00026
 57.555 Ssa  50  20   0.00012   0.00012     0.00018  -0.00018
 57.555 Ssa  21  21  -0.00049   0.00208    -0.00038  -0.00171
 57.555 Ssa  22  21  -0.00036   0.00008    -0.00070  -0.00026
 57.555 Ssa  23  21  -0.00074   0.00050    -0.00099  -0.00041
 57.555 Ssa  24  21   0.00025   0.00082     0.00034  -0.00079
 57.555 Ssa  25  21   0.00015  -0.00006     0.00033   0.00036
 57.555 Ssa  26  21  -0.00031  -0.00090    -0.00041   0.00120
 57.555 Ssa  27  21  -0.00041  -0.00021    -0.00041   0.00021
 57.555 Ssa  28  21  -0.00024   0.00070    -0.00014  -0.00057
 57.555 Ssa  29  21   0.00017   0.00023     0.00026  -0.00012
 57.555 Ssa  30  21   0.00023   0.00015     0.00005   0.00013
 57.555 Ssa  31  21   0.00025  -0.00008     0.00026   0.00031
 57.555 Ssa  32  21  -0.00008   0.00010    -0.00000  -0.00000
 57.555 Ssa  33  21  -0.00014  -0.00035    -0.00007   0.00024
 57.555 Ssa  34  21  -0.00002   0.00012    -0.00014   0.00034
 57.555 Ssa  35  21   0.00040   0.00045     0.00031  -0.00036
 57.555 Ssa  36  21  -0.00046   0.00005    -0.00041  -0.00041
 57.555 Ssa  37  21   0.00010   0.00005    -0.00000  -0.00000
 57.555 Ssa  38  21  -0.00008  -0.00007    -0.00002   0.00033
 57.555 Ssa  39  21   0.00023   0.00037     0.00021   0.00005
 57.555 Ssa  40  21   0.00004   0.00021     0.00000   0.00000
 57.555 Ssa  41  21  -0.00020   0.00005    -0.00020  -0.00004
 57.555 Ssa  42  21  -0.00010  -0.00000    -0.00020  -0.00004
 57.555 Ssa  43  21   0.00022   0.00044     0.00019  -0.00034
 57.555 Ssa  44  21   0.00024   0.00015     0.00023  -0.00017
 57.555 Ssa  45  21   0.00009   0.00002     0.00007   0.00006
 57.555 Ssa  46  21  -0.00012  -0.00025    -0.00029   0.00047
 57.555 Ssa  47  21  -0.00011   0.00034    -0.00017  -0.00041
 57.555 Ssa  48  21   0.00015   0.00051     0.00020  -0.00039
 57.555 Ssa  49  21   0.00040   0.00016     0.00026  -0.00002
 57.555 Ssa  50  21  -0.00006  -0.00050    -0.00013   0.00049
 57.555 Ssa  22  22   0.00065  -0.00037     0.00049  -0.00027
 57.555 Ssa  23  22   0.00106  -0.00018     0.00104   0.00025
 57.555 Ssa  24  22   0.00166  -0.00041     0.00206   0.00002
 57.555 Ssa  25  22  -0.00014  -0.00098    -0.00020   0.00063
 57.555 Ssa  26  22  -0.00110  -0.00018    -0.00111  -0.00010
 57.555 Ssa  27  22   0.00055   0.00053     0.00056  -0.00052
 57.555 Ssa  28  22   0.00089   0.00000     0.00102   0.00015
 57.555 Ssa  29  22  -0.00043  -0.00003    -0.00054  -0.00018
 57.555 Ssa  30  22  -0.00093   0.00027    -0.00076  -0.00034
 57.555 Ssa  31  22   0.00077  -0.00024     0.00084   0.00043
 57.555 Ssa  32  22   0.00015  -0.00063     0.00001   0.00052
 57.555 Ssa  33  22  -0.00105   0.00044    -0.00121  -0.00068
 57.555 Ssa  34  22   0.00009   0.00023     0.00009  -0.00048
 57.555 Ssa  35  22   0.00026  -0.00067     0.00040   0.00044
 57.555 Ssa  36  22  -0.00045  -0.00037    -0.00049   0.00032
 57.555 Ssa  37  22  -0.00009   0.00021    -0.00021  -0.00009
 57.555 Ssa  38  22   0.00042  -0.00035     0.00039   0.00039
 57.555 Ssa  39  22   0.00002  -0.00032     0.00006   0.00009
 57.555 Ssa  40  22  -0.00063   0.00001    -0.00049  -0.00040
 57.555 Ssa  41  22  -0.00027   0.00015    -0.00029  -0.00042
 57.555 Ssa  42  22   0.00046  -0.00065     0.00049   0.00063
 57.555 Ssa  43  22  -0.00026  -0.00030    -0.00024   0.00042
 57.555 Ssa  44  22  -0.00035   0.00057    -0.00029  -0.00061
 57.555 Ssa  45  22   0.00037   0.00005     0.00047  -0.00000
 57.555 Ssa  46  22   0.00001  -0.00083     0.00002   0.00064
 57.555 Ssa  47  22  -0.00048  -0.00054    -0.00025   0.00037
 57.555 Ssa  48  22  -0.00026  -0.00003    -0.00025   0.00007
 57.555 Ssa  49  22  -0.00026  -0.00034    -0.00026   0.00034
 57.555 Ssa  50  22  -0.00010  -0.00014     0.00005  -0.00016
 57.555 Ssa  23  23  -0.00235   0.00127    -0.00211  -0.00035
 57.555 Ssa  24  23   0.00224   0.00186     0.00265  -0.00121
 57.555 Ssa  25  23  -0.00177  -0.00172    -0.00182   0.00191
 57.555 Ssa  26  23  -0.00181  -0.00155    -0.00208   0.00196
 57.555 Ssa  27  23   0.00063  -0.00105     0.00045   0.00114
 57.555 Ssa  28  23  -0.00074   0.00128    -0.00093  -0.00115
 57.555 Ssa  29  23   0.00038   0.00240     0.00064  -0.00249
 57.555 Ssa  30  23   0.00137   0.00017     0.00120   0.00033
 57.555 Ssa  31  23  -0.00066  -0.00176    -0.00103   0.00173
 57.555 Ssa  32  23  -0.00104   0.00116    -0.00106  -0.00114
 57.555 Ssa  33  23   0.00214   0.00012     0.00189   0.00001
 57.555 Ssa  34  23   0.00027  -0.00094     0.00052   0.00124
 57.555 Ssa  35  23  -0.00043   0.00021    -0.00060   0.00001
 57.555 Ssa  36  23  -0.00017   0.00162    -0.00036  -0.00098
 57.555 Ssa  37  23   0.00200   0.00036     0.00175  -0.00045
 57.555 Ssa  38  23  -0.00038  -0.00104    -0.00040   0.00079
 57.555 Ssa  39  23  -0.00020   0.00050    -0.00007  -0.00042
 57.555 Ssa  40  23   0.00042   0.00002     0.00052   0.00001
 57.555 Ssa  41  23   0.00041  -0.00003     0.00039   0.00047
 57.555 Ssa  42  23   0.00037  -0.00034     0.00030   0.00085
 57.555 Ssa  43  23  -0.00073   0.00080    -0.00076  -0.00077
 57.555 Ssa  44  23   0.00049   0.00045     0.00042  -0.00064
 57.555 Ssa  45  23  -0.00029  -0.00079    -0.00028   0.00080
 57.555 Ssa  46  23   0.00015   0.00023     0.00008  -0.00016
 57.555 Ssa  47  23   0.00071   0.00013     0.00081  -0.00002
 57.555 Ssa  48  23  -0.00007   0.00016    -0.00018   0.00000
 57.555 Ssa  49  23  -0.00005  -0.00025    -0.00035   0.00001
 57.555 Ssa  50  23  -0.00034  -0.00004    -0.00016   0.00004
 57.555 Ssa  24  24   0.00036  -0.00132     0.00063   0.00026
 57.555 Ssa  25  24  -0.00097   0.00062    -0.00109  -0.00038
 57.555 Ssa  26  24  -0.00212  -0.00444    -0.00256   0.00475
 57.555 Ssa  27  24  -0.00085  -0.00514    -0.00131   0.00520
 57.555 Ssa  28  24  -0.00044   0.00003    -0.00011  -0.00027
 57.555 Ssa  29  24   0.00062   0.00250     0.00116  -0.00308
 57.555 Ssa  30  24   0.00133   0.00159     0.00195  -0.00131
 57.555 Ssa  31  24   0.00140  -0.00162     0.00132   0.00151
 57.555 Ssa  32  24  -0.00162  -0.00108    -0.00209   0.00132
 57.555 Ssa  33  24  -0.00016   0.00020    -0.00038  -0.00066
 57.555 Ssa  34  24  -0.00076   0.00207    -0.00055  -0.00227
 57.555 Ssa  35  24   0.00090  -0.00168     0.00111   0.00155
 57.555 Ssa  36  24   0.00043  -0.00016     0.00002   0.00023
 57.555 Ssa  37  24  -0.00053  -0.00137    -0.00042   0.00093
 57.555 Ssa  38  24  -0.00047   0.00100    -0.00050  -0.00110
 57.555 Ssa  39  24   0.00009  -0.00075     0.00036   0.00078
 57.555 Ssa  40  24   0.00011   0.00104     0.00006  -0.00115
 57.555 Ssa  41  24   0.00044  -0.00027     0.00051  -0.00000
 57.555 Ssa  42  24   0.00082  -0.00037     0.00088   0.00022
 57.555 Ssa  43  24   0.00012  -0.00037     0.00032   0.00023
 57.555 Ssa  44  24  -0.00159   0.00037    -0.00160  -0.00065
 57.555 Ssa  45  24   0.00001   0.00037     0.00001  -0.00056
 57.555 Ssa  46  24   0.00083   0.00000     0.00091   0.00012
 57.555 Ssa  47  24   0.00041  -0.00018     0.00052   0.00036
 57.555 Ssa  48  24  -0.00141  -0.00091    -0.00146   0.00081
 57.555 Ssa  49  24  -0.00085  -0.00014    -0.00086   0.00003
 57.555 Ssa  50  24   0.00017  -0.00019     0.00024   0.00024
 57.555 Ssa  25  25  -0.00042   0.00260     0.00034  -0.00228
 57.555 Ssa  26  25  -0.00053   0.00265    -0.00001  -0.00302
 57.555 Ssa  27  25  -0.00176   0.00093    -0.00195  -0.00088
 57.555 Ssa  28  25  -0.00074  -0.00193    -0.00125   0.00201
 57.555 Ssa  29  25  -0.00034  -0.00168    -0.00072   0.00202
 57.555 Ssa  30  25   0.00008  -0.00152     0.00014   0.00193
 57.555 Ssa  31  25   0.00114   0.00038     0.00129  -0.00038
 57.555 Ssa  32  25  -0.00049   0.00229    -0.00035  -0.00244
 57.555 Ssa  33  25  -0.00071   0.00027    -0.00080  -0.00037
 57.555 Ssa  34  25   0.00064  -0.00133     0.00037   0.00142
 57.555 Ssa  35  25   0.00001   0.00095    -0.00016  -0.00045
 57.555 Ssa  36  25  -0.00154  -0.00051    -0.00154   0.00052
 57.555 Ssa  37  25   0.00067  -0.00091     0.00064   0.00133
 57.555 Ssa  38  25   0.00088   0.00067     0.00129  -0.00028
 57.555 Ssa  39  25  -0.00047   0.00109    -0.00050  -0.00131
 57.555 Ssa  40  25  -0.00050  -0.00054    -0.00077   0.00055
 57.555 Ssa  41  25  -0.00034  -0.00051    -0.00031   0.00065
 57.555 Ssa  42  25  -0.00014  -0.00140    -0.00004   0.00130
 57.555 Ssa  43  25   0.00071   0.00052     0.00073  -0.00028
 57.555 Ssa  44  25   0.00012   0.00015     0.00029  -0.00003
 57.555 Ssa  45  25  -0.00002   0.00103    -0.00038  -0.00106
 57.555 Ssa  46  25  -0.00073  -0.00106    -0.00066   0.00121
 57.555 Ssa  47  25   0.00133  -0.00054     0.00137   0.00044
 57.555 Ssa  48  25   0.00018   0.00077     0.00017  -0.00068
 57.555 Ssa  49  25  -0.00086   0.00012    -0.00086  -0.00004
 57.555 Ssa  50  25  -0.00033   0.00009    -0.00045  -0.00023
 57.555 Ssa  26  26   0.00084  -0.00116     0.00083   0.00073
 57.555 Ssa  27  26   0.00035   0.00085     0.00055  -0.00073
 57.555 Ssa  28  26  -0.00053   0.00089    -0.00063  -0.00134
 57.555 Ssa  29  26  -0.00185  -0.00021    -0.00198  -0.00026
 57.555 Ssa  30  26  -0.00069  -0.00104    -0.00065   0.00090
 57.555 Ssa  31  26   0.00058  -0.00074     0.00054   0.00077
 57.555 Ssa  32  26   0.00095   0.00043     0.00078  -0.00047
 57.555 Ssa  33  26   0.00077   0.00066     0.00079  -0.00098
 57.555 Ssa  34  26  -0.00048   0.00010    -0.00023  -0.00008
 57.555 Ssa  35  26  -0.00004  -0.00036    -0.00006   0.00035
 57.555 Ssa  36  26  -0.00077  -0.00026    -0.00069   0.00010
 57.555 Ssa  37  26  -0.00036  -0.00028    -0.00044   0.00012
 57.555 Ssa  38  26   0.00049  -0.00044     0.00047   0.00029
 57.555 Ssa  39  26   0.00042   0.00009     0.00047  -0.00026
 57.555 Ssa  40  26  -0.00024   0.00035    -0.00017  -0.00061
 57.555 Ssa  41  26  -0.00057  -0.00022    -0.00060   0.00015
 57.555 Ssa  42  26   0.00053  -0.00029     0.00040   0.00045
 57.555 Ssa  43  26   0.00015  -0.00036     0.00017   0.00056
 57.555 Ssa  44  26   0.00002   0.00009     0.00006  -0.00038
 57.555 Ssa  45  26  -0.00016   0.00009    -0.00002  -0.00047
 57.555 Ssa  46  26   0.00055  -0.00001     0.00047  -0.00029
 57.555 Ssa  47  26  -0.00048  -0.00041    -0.00069   0.00042
 57.555 Ssa  48  26   0.00029  -0.00044     0.00019   0.00059
 57.555 Ssa  49  26   0.00035   0.00069     0.00066  -0.00056
 57.555 Ssa  50  26  -0.00013   0.00049    -0.00006  -0.00076
 57.555 Ssa  27  27  -0.00030  -0.00003    -0.00070   0.00060
 57.555 Ssa  28  27   0.00043   0.00110     0.00067  -0.00098
 57.555 Ssa  29  27   0.00000   0.00100     0.00020  -0.00069
 57.555 Ssa  30  27  -0.00028  -0.00001    -0.00055  -0.00003
 57.555 Ssa  31  27  -0.00080   0.00006    -0.00107  -0.00003
 57.555 Ssa  32  27  -0.00020   0.00016    -0.00013   0.00003
 57.555 Ssa  33  27  -0.00000  -0.00000     0.00005   0.00012
 57.555 Ssa  34  27  -0.00037   0.00001    -0.00034   0.00015
 57.555 Ssa  35  27   0.00039  -0.00028     0.00039   0.00028
 57.555 Ssa  36  27   0.00011  -0.00004     0.00007   0.00022
 57.555 Ssa  37  27   0.00030   0.00017     0.00034  -0.00001
 57.555 Ssa  38  27  -0.00021   0.00039    -0.00012  -0.00042
 57.555 Ssa  39  27  -0.00004   0.00010    -0.00008  -0.00008
 57.555 Ssa  40  27  -0.00002  -0.00010    -0.00015   0.00050
 57.555 Ssa  41  27  -0.00000  -0.00031    -0.00000   0.00051
 57.555 Ssa  42  27   0.00040   0.00001     0.00039  -0.00011
 57.555 Ssa  43  27   0.00036   0.00033     0.00045  -0.00037
 57.555 Ssa  44  27  -0.00038   0.00029    -0.00042  -0.00023
 57.555 Ssa  45  27  -0.00056  -0.00005    -0.00053   0.00018
 57.555 Ssa  46  27  -0.00018  -0.00003    -0.00019   0.00020
 57.555 Ssa  47  27   0.00071  -0.00009     0.00067   0.00027
 57.555 Ssa  48  27   0.00018   0.00050     0.00018  -0.00019
 57.555 Ssa  49  27  -0.00044   0.00027    -0.00040  -0.00033
 57.555 Ssa  50  27  -0.00055   0.00022    -0.00053  -0.00027
 57.555 Ssa  28  28   0.00004  -0.00059     0.00000  -0.00000
 57.555 Ssa  29  28  -0.00027   0.00034    -0.00011  -0.00056
 57.555 Ssa  30  28   0.00031  -0.00027     0.00040  -0.00011
 57.555 Ssa  31  28  -0.00000  -0.00054    -0.00014   0.00052
 57.555 Ssa  32  28   0.00013   0.00003     0.00008  -0.00010
 57.555 Ssa  33  28  -0.00015   0.00035    -0.00006  -0.00063
 57.555 Ssa  34  28   0.00017  -0.00033     0.00006   0.00024
 57.555 Ssa  35  28   0.00060  -0.00038     0.00062   0.00036
 57.555 Ssa  36  28  -0.00023   0.00026    -0.00011  -0.00020
 57.555 Ssa  37  28  -0.00002   0.00023    -0.00002  -0.00045
 57.555 Ssa  38  28  -0.00017  -0.00029    -0.00023   0.00024
 57.555 Ssa  39  28   0.00018  -0.00012     0.00024   0.00022
 57.555 Ssa  40  28  -0.00017   0.00012    -0.00015  -0.00039
 57.555 Ssa  41  28  -0.00031   0.00001    -0.00032  -0.00040
 57.555 Ssa  42  28   0.00002  -0.00020    -0.00001   0.00010
 57.555 Ssa  43  28  -0.00005  -0.00029     0.00000   0.00039
 57.555 Ssa  44  28   0.00008  -0.00005     0.00018   0.00005
 57.555 Ssa  45  28   0.00008   0.00017     0.00003  -0.00028
 57.555 Ssa  46  28  -0.00018  -0.00001    -0.00017  -0.00007
 57.555 Ssa  47  28   0.00005  -0.00017     0.00016   0.00008
 57.555 Ssa  48  28  -0.00006  -0.00026     0.00000   0.00000
 57.555 Ssa  49  28   0.00018  -0.00030     0.00009   0.00000
 57.555 Ssa  50  28  -0.00007  -0.00004    -0.00017   0.00004
 57.555 Ssa  29  29  -0.00004   0.00028    -0.00005   0.00014
 57.555 Ssa  30  29  -0.00010   0.00010    -0.00000  -0.00014
 57.555 Ssa  31  29  -0.00066   0.00010    -0.00064   0.00019
 57.555 Ssa  32  29   0.00013  -0.00003     0.00016   0.00035
 57.555 Ssa  33  29  -0.00016   0.00048    -0.00009  -0.00037
 57.555 Ssa  34  29  -0.00021   0.00044    -0.00016  -0.00046
 57.555 Ssa  35  29  -0.00003  -0.00012    -0.00010   0.00034
 57.555 Ssa  36  29  -0.00004  -0.00035    -0.00012   0.00057
 57.555 Ssa  37  29   0.00011   0.00000     0.00022  -0.00004
 57.555 Ssa  38  29  -0.00029   0.00033    -0.00022  -0.00025
 57.555 Ssa  39  29   0.00010   0.00003     0.00003   0.00010
 57.555 Ssa  40  29  -0.00002  -0.00010    -0.00008   0.00007
 57.555 Ssa  41  29   0.00013   0.00016     0.00010  -0.00001
 57.555 Ssa  42  29   0.00019   0.00024     0.00015   0.00013
 57.555 Ssa  43  29   0.00016  -0.00011     0.00014   0.00026
 57.555 Ssa  44  29   0.00005  -0.00019     0.00000   0.00019
 57.555 Ssa  45  29   0.00000   0.00019    -0.00000  -0.00028
 57.555 Ssa  46  29  -0.00004   0.00008    -0.00009  -0.00016
 57.555 Ssa  47  29   0.00016   0.00007     0.00018   0.00000
 57.555 Ssa  48  29  -0.00014  -0.00011    -0.00013   0.00023
 57.555 Ssa  49  29   0.00001   0.00009    -0.00011   0.00014
 57.555 Ssa  50  29   0.00020   0.00016     0.00012   0.00012
 57.555 Ssa  30  30   0.00108  -0.00026     0.00124  -0.00001
 57.555 Ssa  31  30   0.00000  -0.00000     0.00013  -0.00002
 57.555 Ssa  32  30   0.00026  -0.00003     0.00030  -0.00025
 57.555 Ssa  33  30   0.00025   0.00001     0.00019  -0.00017
 57.555 Ssa  34  30   0.00043  -0.00024     0.00048   0.00010
 57.555 Ssa  35  30   0.00000  -0.00000     0.00012  -0.00002
 57.555 Ssa  36  30   0.00005   0.00010     0.00002  -0.00012
 57.555 Ssa  37  30   0.00011  -0.00004     0.00015  -0.00017
 57.555 Ssa  38  30  -0.00022  -0.00004    -0.00022   0.00002
 57.555 Ssa  39  30   0.00019  -0.00011     0.00019   0.00009
 57.555 Ssa  40  30  -0.00000  -0.00000    -0.00010   0.00004
 57.555 Ssa  41  30   0.00009   0.00004     0.00010  -0.00002
 57.555 Ssa  42  30  -0.00029  -0.00008    -0.00018  -0.00009
 57.555 Ssa  43  30  -0.00003  -0.00019     0.00001  -0.00010
 57.555 Ssa  44  30   0.00003   0.00009     0.00003  -0.00019
 57.555 Ssa  45  30  -0.00009  -0.00000    -0.00013  -0.00013
 57.555 Ssa  46  30  -0.00024  -0.00013    -0.00024   0.00014
 57.555 Ssa  47  30   0.00026  -0.00008     0.00020   0.00018
 57.555 Ssa  48  30   0.00022   0.00015     0.00029  -0.00020
 57.555 Ssa  49  30  -0.00001   0.00009    -0.00001  -0.00017
 57.555 Ssa  50  30  -0.00029  -0.00018    -0.00025  -0.00002
 57.555 Ssa  31  31  -0.00041   0.00053    -0.00080  -0.00007
 57.555 Ssa  32  31  -0.00003  -0.00013    -0.00002   0.00013
 57.555 Ssa  33  31  -0.00047   0.00019    -0.00050  -0.00009
 57.555 Ssa  34  31  -0.00005   0.00024    -0.00003  -0.00024
 57.555 Ssa  35  31  -0.00033   0.00014    -0.00034   0.00011
 57.555 Ssa  36  31  -0.00001  -0.00012    -0.00002   0.00035
 57.555 Ssa  37  31   0.00012   0.00019     0.00011  -0.00003
 57.555 Ssa  38  31  -0.00017   0.00029    -0.00019  -0.00027
 57.555 Ssa  39  31  -0.00008  -0.00007    -0.00011   0.00000
 57.555 Ssa  40  31  -0.00030  -0.00010    -0.00033   0.00026
 57.555 Ssa  41  31   0.00030   0.00007     0.00029   0.00010
 57.555 Ssa  42  31  -0.00009   0.00004    -0.00010  -0.00017
 57.555 Ssa  43  31   0.00008  -0.00005     0.00006   0.00007
 57.555 Ssa  44  31   0.00010   0.00000     0.00010   0.00037
 57.555 Ssa  45  31   0.00022   0.00018     0.00028   0.00004
 57.555 Ssa  46  31  -0.00003   0.00018    -0.00003  -0.00009
 57.555 Ssa  47  31  -0.00008  -0.00005    -0.00009  -0.00002
 57.555 Ssa  48  31  -0.00004  -0.00017    -0.00010   0.00015
 57.555 Ssa  49  31   0.00017  -0.00001     0.00024   0.00011
 57.555 Ssa  50  31  -0.00005   0.00016    -0.00004  -0.00016
 57.555 Ssa  32  32   0.00038  -0.00010     0.00045  -0.00027
 57.555 Ssa  33  32   0.00024  -0.00006     0.00012  -0.00004
 57.555 Ssa  34  32   0.00047  -0.00013     0.00046  -0.00017
 57.555 Ssa  35  32  -0.00008   0.00009    -0.00006  -0.00023
 57.555 Ssa  36  32   0.00017  -0.00030     0.00018   0.00014
 57.555 Ssa  37  32   0.00003  -0.00022     0.00007   0.00009
 57.555 Ssa  38  32   0.00011   0.00003     0.00015  -0.00017
 57.555 Ssa  39  32   0.00016   0.00015     0.00015  -0.00015
 57.555 Ssa  40  32  -0.00010   0.00003    -0.00010  -0.00004
 57.555 Ssa  41  32   0.00027  -0.00031     0.00031   0.00003
 57.555 Ssa  42  32  -0.00010  -0.00001    -0.00020  -0.00003
 57.555 Ssa  43  32   0.00016   0.00012     0.00017   0.00010
 57.555 Ssa  44  32  -0.00019  -0.00002    -0.00006  -0.00008
 57.555 Ssa  45  32  -0.00008  -0.00017    -0.00003  -0.00018
 57.555 Ssa  46  32  -0.00017  -0.00007    -0.00024  -0.00013
 57.555 Ssa  47  32  -0.00009  -0.00003    -0.00009  -0.00003
 57.555 Ssa  48  32  -0.00000  -0.00000     0.00007   0.00005
 57.555 Ssa  49  32   0.00008  -0.00002     0.00009   0.00000
 57.555 Ssa  50  32  -0.00017   0.00001    -0.00017   0.00000
 57.555 Ssa  33  33  -0.00048   0.00016    -0.00061   0.00016
 57.555 Ssa  34  33  -0.00000   0.00000    -0.00009  -0.00009
 57.555 Ssa  35  33  -0.00029   0.00021    -0.00035   0.00005
 57.555 Ssa  36  33  -0.00011  -0.00002    -0.00009   0.00021
 57.555 Ssa  37  33  -0.00034   0.00001    -0.00031   0.00014
 57.555 Ssa  38  33  -0.00000   0.00000    -0.00005   0.00010
 57.555 Ssa  39  33  -0.00009   0.00006    -0.00021  -0.00003
 57.555 Ssa  40  33  -0.00020   0.00007    -0.00021  -0.00002
 57.555 Ssa  41  33   0.00010  -0.00002     0.00010   0.00001
 57.555 Ssa  42  33  -0.00012   0.00016    -0.00016   0.00012
 57.555 Ssa  43  33   0.00009   0.00004     0.00010  -0.00001
 57.555 Ssa  44  33  -0.00028  -0.00008    -0.00017  -0.00009
 57.555 Ssa  45  33   0.00009  -0.00000     0.00014   0.00012
 57.555 Ssa  46  33   0.00004   0.00008    -0.00004   0.00018
 57.555 Ssa  47  33   0.00007   0.00006     0.00004   0.00008
 57.555 Ssa  48  33   0.00016   0.00008     0.00025   0.00007
 57.555 Ssa  49  33   0.00009   0.00001     0.00017   0.00004
 57.555 Ssa  50  33  -0.00017  -0.00001    -0.00017  -0.00001
 57.555 Ssa  34  34   0.00049  -0.00037     0.00037  -0.00003
 57.555 Ssa  35  34   0.00010  -0.00007     0.00020   0.00014
 57.555 Ssa  36  34   0.00038  -0.00026     0.00043   0.00017
 57.555 Ssa  37  34  -0.00003  -0.00011    -0.00000   0.00000
 57.555 Ssa  38  34   0.00033  -0.00004     0.00030  -0.00015
 57.555 Ssa  39  34   0.00011  -0.00000     0.00012  -0.00018
 57.555 Ssa  40  34   0.00014  -0.00015     0.00021   0.00000
 57.555 Ssa  41  34   0.00010  -0.00018     0.00015   0.00014
 57.555 Ssa  42  34  -0.00010  -0.00003    -0.00008   0.00006
 57.555 Ssa  43  34   0.00015  -0.00013     0.00018  -0.00008
 57.555 Ssa  44  34  -0.00010   0.00001    -0.00009  -0.00003
 57.555 Ssa  45  34   0.00016   0.00009     0.00018   0.00005
 57.555 Ssa  46  34  -0.00006   0.00007    -0.00005  -0.00008
 57.555 Ssa  47  34  -0.00004  -0.00008     0.00000  -0.00009
 57.555 Ssa  48  34  -0.00023  -0.00014    -0.00017  -0.00006
 57.555 Ssa  49  34  -0.00010  -0.00014    -0.00007  -0.00005
 57.555 Ssa  50  34  -0.00000  -0.00000    -0.00000  -0.00000
 57.555 Ssa  35  35  -0.00056   0.00020    -0.00046   0.00013
 57.555 Ssa  36  35   0.00007  -0.00009     0.00009   0.00008
 57.555 Ssa  37  35  -0.00034   0.00005    -0.00030   0.00016
 57.555 Ssa  38  35   0.00007  -0.00008     0.00002   0.00022
 57.555 Ssa  39  35  -0.00011   0.00001    -0.00016   0.00014
 57.555 Ssa  40  35   0.00010   0.00003     0.00010  -0.00001
 57.555 Ssa  41  35  -0.00007   0.00007    -0.00010   0.00000
 57.555 Ssa  42  35  -0.00017   0.00011    -0.00029   0.00006
 57.555 Ssa  43  35  -0.00010   0.00000    -0.00009  -0.00005
 57.555 Ssa  44  35  -0.00015   0.00012    -0.00019   0.00005
 57.555 Ssa  45  35   0.00009   0.00001     0.00008   0.00004
 57.555 Ssa  46  35  -0.00017  -0.00008    -0.00017  -0.00006
 57.555 Ssa  47  35   0.00009   0.00000     0.00018  -0.00003
 57.555 Ssa  48  35   0.00003   0.00017     0.00003   0.00008
 57.555 Ssa  49  35   0.00007   0.00005     0.00005   0.00017
 57.555 Ssa  50  35   0.00008   0.00001     0.00001   0.00017
 57.555 Ssa  36  36   0.00027  -0.00022     0.00045   0.00011
 57.555 Ssa  37  36  -0.00007  -0.00009    -0.00009   0.00007
 57.555 Ssa  38  36   0.00028  -0.00017     0.00033  -0.00002
 57.555 Ssa  39  36   0.00003  -0.00021     0.00008   0.00007
 57.555 Ssa  40  36   0.00027  -0.00016     0.00021   0.00003
 57.555 Ssa  41  36   0.00009   0.00004     0.00007  -0.00019
 57.555 Ssa  42  36   0.00018  -0.00010     0.00030  -0.00002
 57.555 Ssa  43  36   0.00008  -0.00018     0.00015   0.00013
 57.555 Ssa  44  36  -0.00008   0.00005    -0.00009  -0.00002
 57.555 Ssa  45  36   0.00009   0.00002     0.00015  -0.00024
 57.555 Ssa  46  36  -0.00009   0.00001    -0.00007  -0.00006
 57.555 Ssa  47  36   0.00018  -0.00001     0.00013   0.00013
 57.555 Ssa  48  36  -0.00009  -0.00002    -0.00009   0.00001
 57.555 Ssa  49  36   0.00005  -0.00016     0.00008  -0.00003
 57.555 Ssa  50  36  -0.00014  -0.00009    -0.00010  -0.00014
 57.555 Ssa  37  37  -0.00025   0.00023    -0.00021   0.00008
 57.555 Ssa  38  37  -0.00010   0.00019    -0.00017  -0.00014
 57.555 Ssa  39  37  -0.00028   0.00017    -0.00032   0.00005
 57.555 Ssa  40  37   0.00008  -0.00007     0.00017   0.00013
 57.555 Ssa  41  37  -0.00020  -0.00002    -0.00027   0.00014
 57.555 Ssa  42  37  -0.00010   0.00000    -0.00017   0.00010
 57.555 Ssa  43  37  -0.00014   0.00014    -0.00009   0.00004
 57.555 Ssa  44  37  -0.00008   0.00005    -0.00000   0.00000
 57.555 Ssa  45  37  -0.00009  -0.00000    -0.00005  -0.00008
 57.555 Ssa  46  37  -0.00013   0.00025    -0.00018   0.00000
 57.555 Ssa  47  37   0.00018   0.00002     0.00017   0.00006
 57.555 Ssa  48  37  -0.00023  -0.00014    -0.00017  -0.00004
 57.555 Ssa  49  37   0.00007  -0.00005     0.00007   0.00005
 57.555 Ssa  50  37  -0.00002   0.00017    -0.00008   0.00003
 57.555 Ssa  38  38   0.00066  -0.00006     0.00061  -0.00026
 57.555 Ssa  39  38  -0.00010  -0.00019    -0.00019   0.00026
 57.555 Ssa  40  38   0.00012  -0.00029     0.00013   0.00016
 57.555 Ssa  41  38  -0.00000  -0.00000     0.00005  -0.00009
 57.555 Ssa  42  38   0.00029  -0.00006     0.00030  -0.00005
 57.555 Ssa  43  38  -0.00002  -0.00010    -0.00010   0.00017
 57.555 Ssa  44  38   0.00003  -0.00019     0.00000   0.00000
 57.555 Ssa  45  38   0.00009  -0.00001     0.00014  -0.00013
 57.555 Ssa  46  38   0.00009  -0.00001     0.00009   0.00003
 57.555 Ssa  47  38   0.00017  -0.00021     0.00018  -0.00000
 57.555 Ssa  48  38  -0.00007   0.00006    -0.00002  -0.00009
 57.555 Ssa  49  38   0.00020   0.00017     0.00016  -0.00007
 57.555 Ssa  50  38  -0.00016  -0.00006    -0.00021   0.00014
 57.555 Ssa  39  39  -0.00048   0.00025    -0.00075  -0.00009
 57.555 Ssa  40  39   0.00008   0.00007     0.00000  -0.00000
 57.555 Ssa  41  39  -0.00015   0.00027    -0.00020  -0.00006
 57.555 Ssa  42  39  -0.00002   0.00020    -0.00004  -0.00020
 57.555 Ssa  43  39  -0.00028   0.00009    -0.00029  -0.00001
 57.555 Ssa  44  39   0.00004  -0.00009     0.00007   0.00018
 57.555 Ssa  45  39  -0.00007   0.00006    -0.00009   0.00004
 57.555 Ssa  46  39  -0.00015   0.00010    -0.00018  -0.00002
 57.555 Ssa  47  39  -0.00009  -0.00001    -0.00008   0.00004
 57.555 Ssa  48  39  -0.00003   0.00017    -0.00003   0.00008
 57.555 Ssa  49  39   0.00016   0.00006     0.00016  -0.00008
 57.555 Ssa  50  39  -0.00024  -0.00008    -0.00025  -0.00006
 57.555 Ssa  40  40   0.00050  -0.00015     0.00051  -0.00013
 57.555 Ssa  41  40   0.00004  -0.00010     0.00009   0.00004
 57.555 Ssa  42  40   0.00011  -0.00017     0.00020  -0.00005
 57.555 Ssa  43  40  -0.00000  -0.00000     0.00003   0.00009
 57.555 Ssa  44  40   0.00036  -0.00013     0.00038   0.00007
 57.555 Ssa  45  40   0.00009   0.00000     0.00015  -0.00011
 57.555 Ssa  46  40   0.00009  -0.00003     0.00004  -0.00008
 57.555 Ssa  47  40   0.00000  -0.00000    -0.00000  -0.00000
 57.555 Ssa  48  40   0.00000   0.00000     0.00017   0.00004
 57.555 Ssa  49  40   0.00004  -0.00017     0.00016  -0.00008
 57.555 Ssa  50  40  -0.00016  -0.00006    -0.00017  -0.00001
 57.555 Ssa  41  41  -0.00060   0.00013    -0.00071   0.00012
 57.555 Ssa  42  41   0.00009   0.00005     0.00015  -0.00014
 57.555 Ssa  43  41  -0.00018   0.00007    -0.00027   0.00011
 57.555 Ssa  44  41  -0.00008   0.00005    -0.00010   0.00001
 57.555 Ssa  45  41  -0.00022   0.00017    -0.00018  -0.00004
 57.555 Ssa  46  41   0.00014  -0.00012     0.00015   0.00023
 57.555 Ssa  47  41  -0.00018   0.00003    -0.00024   0.00011
 57.555 Ssa  48  41  -0.00025   0.00008    -0.00025  -0.00007
 57.555 Ssa  49  41  -0.00008   0.00003    -0.00000   0.00000
 57.555 Ssa  50  41   0.00001   0.00008    -0.00002   0.00025
 57.555 Ssa  42  42   0.00028  -0.00042     0.00025   0.00017
 57.555 Ssa  43  42  -0.00009  -0.00005     0.00000  -0.00000
 57.555 Ssa  44  42   0.00012  -0.00026     0.00019   0.00001
 57.555 Ssa  45  42  -0.00007  -0.00017    -0.00003   0.00009
 57.555 Ssa  46  42   0.00031  -0.00019     0.00034   0.00014
 57.555 Ssa  47  42  -0.00007  -0.00005    -0.00007  -0.00005
 57.555 Ssa  48  42  -0.00003  -0.00008    -0.00000  -0.00000
 57.555 Ssa  49  42   0.00006  -0.00006     0.00008   0.00003
 57.555 Ssa  50  42   0.00016   0.00006     0.00015  -0.00008
 57.555 Ssa  43  43  -0.00064   0.00024    -0.00068  -0.00008
 57.555 Ssa  44  43  -0.00009  -0.00004    -0.00007  -0.00007
 57.555 Ssa  45  43  -0.00018   0.00005    -0.00025   0.00012
 57.555 Ssa  46  43  -0.00000  -0.00000    -0.00015   0.00011
 57.555 Ssa  47  43  -0.00035   0.00008    -0.00036  -0.00004
 57.555 Ssa  48  43  -0.00017   0.00004    -0.00009   0.00001
 57.555 Ssa  49  43  -0.00014   0.00010    -0.00009   0.00015
 57.555 Ssa  50  43   0.00008  -0.00003    -0.00002   0.00008
 57.555 Ssa  44  44   0.00045  -0.00018     0.00065   0.00017
 57.555 Ssa  45  44  -0.00018   0.00005    -0.00000  -0.00009
 57.555 Ssa  46  44   0.00036  -0.00009     0.00045  -0.00006
 57.555 Ssa  47  44   0.00006  -0.00017     0.00003   0.00018
 57.555 Ssa  48  44   0.00013  -0.00012     0.00009   0.00000
 57.555 Ssa  49  44  -0.00020   0.00017    -0.00024  -0.00036
 57.555 Ssa  50  44  -0.00006  -0.00006    -0.00006  -0.00016
 57.555 Ssa  45  45  -0.00017   0.00008    -0.00011   0.00015
 57.555 Ssa  46  45  -0.00046   0.00005    -0.00064  -0.00002
 57.555 Ssa  47  45  -0.00033   0.00015    -0.00045  -0.00001
 57.555 Ssa  48  45  -0.00003   0.00026    -0.00002  -0.00017
 57.555 Ssa  49  45  -0.00000   0.00035    -0.00000  -0.00017
 57.555 Ssa  50  45   0.00019  -0.00017     0.00004   0.00025
 57.555 Ssa  46  46   0.00001  -0.00046    -0.00011   0.00025
 57.555 Ssa  47  46  -0.00060  -0.00039    -0.00091   0.00038
 57.555 Ssa  48  46  -0.00002   0.00017     0.00012  -0.00033
 57.555 Ssa  49  46   0.00025   0.00024     0.00038  -0.00035
 57.555 Ssa  50  46   0.00053   0.00027     0.00061  -0.00045
 57.555 Ssa  47  47   0.00026  -0.00007     0.00016   0.00042
 57.555 Ssa  48  47  -0.00036  -0.00039    -0.00027   0.00045
 57.555 Ssa  49  47  -0.00011  -0.00077    -0.00023   0.00110
 57.555 Ssa  50  47   0.00025   0.00001     0.00042   0.00006
 57.555 Ssa  48  48  -0.00004   0.00053    -0.00002  -0.00106
 57.555 Ssa  49  48   0.00112   0.00010     0.00147   0.00003
 57.555 Ssa  50  48   0.00043  -0.00052     0.00061   0.00046
 57.555 Ssa  49  49  -0.00036   0.00069    -0.00018  -0.00067
 57.555 Ssa  50  49  -0.00014  -0.00010    -0.00024   0.00009
 57.555 Ssa  50  50  -0.00020  -0.00074    -0.00031   0.00069