 85.455 Mtm   0   0   0.00000   0.00000     0.00000   0.00000
 85.455 Mtm   1   0   0.00000   0.00000     0.00000   0.00000
 85.455 Mtm   2   0  -1.69318  -0.60162     0.00000   0.00000
 85.455 Mtm   3   0   0.18179  -0.02065     0.00000   0.00000
 85.455 Mtm   4   0   0.37119  -0.10170     0.00000   0.00000
 85.455 Mtm   5   0  -0.12899  -0.13544     0.00000   0.00000
 85.455 Mtm   6   0   0.09268  -0.00760     0.00000   0.00000
 85.455 Mtm   7   0  -0.13665  -0.08907     0.00000   0.00000
 85.455 Mtm   8   0   0.02612   0.01499     0.00000   0.00000
 85.455 Mtm   9   0  -0.07141  -0.03614     0.00000   0.00000
 85.455 Mtm  10   0  -0.01981   0.00434     0.00000   0.00000
 85.455 Mtm  11   0  -0.02367  -0.00359     0.00000   0.00000
 85.455 Mtm  12   0  -0.02092  -0.00464     0.00000   0.00000
 85.455 Mtm  13   0  -0.00162   0.00462     0.00000   0.00000
 85.455 Mtm  14   0  -0.00580  -0.00308     0.00000   0.00000
 85.455 Mtm  15   0   0.01410   0.00579     0.00000   0.00000
 85.455 Mtm  16   0  -0.00218  -0.00339     0.00000   0.00000
 85.455 Mtm  17   0   0.01215   0.00650     0.00000   0.00000
 85.455 Mtm  18   0   0.00442   0.00086     0.00000   0.00000
 85.455 Mtm  19   0   0.00187   0.00104     0.00000   0.00000
 85.455 Mtm  20   0   0.00382   0.00193     0.00000   0.00000
 85.455 Mtm  21   0  -0.00461  -0.00358     0.00000   0.00000
 85.455 Mtm  22   0   0.00061   0.00093     0.00000   0.00000
 85.455 Mtm  23   0  -0.00788  -0.00555     0.00000   0.00000
 85.455 Mtm  24   0   0.00166  -0.00044     0.00000   0.00000
 85.455 Mtm  25   0  -0.00311  -0.00363     0.00000   0.00000
 85.455 Mtm  26   0  -0.00055  -0.00166     0.00000   0.00000
 85.455 Mtm  27   0  -0.00073  -0.00169     0.00000   0.00000
 85.455 Mtm  28   0   0.00192  -0.00139     0.00000   0.00000
 85.455 Mtm  29   0   0.00226   0.00038     0.00000   0.00000
 85.455 Mtm  30   0  -0.00071  -0.00066     0.00000   0.00000
 85.455 Mtm  31   0  -0.00025   0.00090     0.00000   0.00000
 85.455 Mtm  32   0   0.00084   0.00061     0.00000   0.00000
 85.455 Mtm  33   0   0.00078   0.00083     0.00000   0.00000
 85.455 Mtm  34   0  -0.00051   0.00098     0.00000   0.00000
 85.455 Mtm  35   0  -0.00109   0.00050     0.00000   0.00000
 85.455 Mtm  36   0  -0.00055   0.00075     0.00000   0.00000
 85.455 Mtm  37   0   0.00007   0.00045     0.00000   0.00000
 85.455 Mtm  38   0   0.00076   0.00044     0.00000   0.00000
 85.455 Mtm  39   0   0.00016   0.00028     0.00000   0.00000
 85.455 Mtm  40   0   0.00059   0.00023     0.00000   0.00000
 85.455 Mtm  41   0   0.00072   0.00001     0.00000   0.00000
 85.455 Mtm  42   0   0.00009   0.00018     0.00000   0.00000
 85.455 Mtm  43   0   0.00107   0.00013     0.00000   0.00000
 85.455 Mtm  44   0  -0.00143  -0.00016     0.00000   0.00000
 85.455 Mtm  45   0   0.00077   0.00034     0.00000   0.00000
 85.455 Mtm  46   0  -0.00010  -0.00016     0.00000   0.00000
 85.455 Mtm  47   0   0.00037   0.00062     0.00000   0.00000
 85.455 Mtm  48   0  -0.00032  -0.00015     0.00000   0.00000
 85.455 Mtm  49   0   0.00008   0.00042     0.00000   0.00000
 85.455 Mtm  50   0   0.00072   0.00024     0.00000   0.00000
 85.455 Mtm   1   1   0.00000  -0.00000     0.00000  -0.00000
 85.455 Mtm   2   1   0.07197  -0.07770     0.02737   0.06377
 85.455 Mtm   3   1   0.05830   0.03642     0.09141  -0.04770
 85.455 Mtm   4   1   0.01558   0.05108     0.00467  -0.03871
 85.455 Mtm   5   1  -0.07432   0.05253    -0.03311  -0.05535
 85.455 Mtm   6   1  -0.03942  -0.05884    -0.05312   0.05138
 85.455 Mtm   7   1  -0.01758   0.01587    -0.00410   0.01394
 85.455 Mtm   8   1  -0.00449  -0.01859    -0.03352   0.01938
 85.455 Mtm   9   1   0.00740   0.02045     0.01029  -0.00271
 85.455 Mtm  10   1   0.00707  -0.00613    -0.01050   0.01206
 85.455 Mtm  11   1   0.01027   0.00305     0.00519   0.00491
 85.455 Mtm  12   1   0.00519  -0.00094     0.00335   0.00210
 85.455 Mtm  13   1   0.01847  -0.00267     0.00790   0.01090
 85.455 Mtm  14   1   0.00501   0.00273     0.00569  -0.00042
 85.455 Mtm  15   1   0.00416  -0.00242    -0.00094   0.00608
 85.455 Mtm  16   1   0.00011   0.00553     0.00538  -0.00214
 85.455 Mtm  17   1   0.00324  -0.00766     0.00056   0.00901
 85.455 Mtm  18   1  -0.00393   0.00220    -0.00142  -0.00281
 85.455 Mtm  19   1  -0.00225  -0.00364    -0.00074   0.00223
 85.455 Mtm  20   1  -0.00090   0.00047    -0.00068  -0.00170
 85.455 Mtm  21   1  -0.00065  -0.00204     0.00013  -0.00014
 85.455 Mtm  22   1  -0.00067  -0.00232     0.00093   0.00009
 85.455 Mtm  23   1  -0.00229   0.00099    -0.00154  -0.00322
 85.455 Mtm  24   1   0.00020  -0.00479     0.00088   0.00241
 85.455 Mtm  25   1  -0.00182   0.00191     0.00125  -0.00269
 85.455 Mtm  26   1  -0.00004  -0.00175     0.00014   0.00045
 85.455 Mtm  27   1  -0.00203   0.00287     0.00056  -0.00285
 85.455 Mtm  28   1  -0.00203   0.00042    -0.00162  -0.00012
 85.455 Mtm  29   1  -0.00023   0.00016     0.00082   0.00024
 85.455 Mtm  30   1  -0.00171   0.00181    -0.00104  -0.00147
 85.455 Mtm  31   1  -0.00044   0.00031    -0.00062   0.00052
 85.455 Mtm  32   1  -0.00139   0.00188    -0.00093  -0.00215
 85.455 Mtm  33   1   0.00031  -0.00069    -0.00082   0.00079
 85.455 Mtm  34   1   0.00054   0.00096     0.00117  -0.00108
 85.455 Mtm  35   1   0.00087  -0.00098    -0.00044   0.00040
 85.455 Mtm  36   1   0.00023   0.00040     0.00099  -0.00061
 85.455 Mtm  37   1   0.00027  -0.00074    -0.00038  -0.00025
 85.455 Mtm  38   1   0.00128  -0.00033     0.00119   0.00024
 85.455 Mtm  39   1  -0.00044  -0.00061    -0.00003  -0.00032
 85.455 Mtm  40   1   0.00073  -0.00008     0.00046   0.00025
 85.455 Mtm  41   1  -0.00122  -0.00014    -0.00041  -0.00059
 85.455 Mtm  42   1   0.00034  -0.00022     0.00013   0.00079
 85.455 Mtm  43   1  -0.00058   0.00011    -0.00033  -0.00048
 85.455 Mtm  44   1   0.00001  -0.00029    -0.00033   0.00069
 85.455 Mtm  45   1  -0.00002   0.00009    -0.00016   0.00010
 85.455 Mtm  46   1  -0.00003  -0.00009    -0.00008   0.00016
 85.455 Mtm  47   1   0.00036   0.00027     0.00041   0.00018
 85.455 Mtm  48   1  -0.00007  -0.00005    -0.00008   0.00004
 85.455 Mtm  49   1   0.00034   0.00005    -0.00002   0.00017
 85.455 Mtm  50   1   0.00008   0.00004     0.00000   0.00000
 85.455 Mtm   2   2  -0.14502  -0.07202    -0.01726   0.02358
 85.455 Mtm   3   2  -0.12427   0.00404    -0.10377   0.07897
 85.455 Mtm   4   2  -0.10021   0.02560    -0.07966  -0.00215
 85.455 Mtm   5   2  -0.04118   0.03227    -0.03034  -0.03628
 85.455 Mtm   6   2  -0.01851   0.01329    -0.04016  -0.03062
 85.455 Mtm   7   2  -0.01277  -0.01528    -0.01667   0.00072
 85.455 Mtm   8   2   0.00699  -0.02185    -0.00565   0.00260
 85.455 Mtm   9   2   0.03007   0.00029     0.01541  -0.00317
 85.455 Mtm  10   2   0.01242  -0.01348     0.00556  -0.00183
 85.455 Mtm  11   2   0.02342  -0.00877     0.00885   0.00538
 85.455 Mtm  12   2  -0.00811  -0.01695    -0.01526   0.00419
 85.455 Mtm  13   2   0.01210  -0.00329     0.00209   0.00672
 85.455 Mtm  14   2  -0.00163  -0.00457    -0.00599  -0.00031
 85.455 Mtm  15   2   0.00502  -0.00660    -0.00324   0.00878
 85.455 Mtm  16   2  -0.00597   0.00094    -0.00875  -0.00101
 85.455 Mtm  17   2  -0.00257  -0.00211    -0.00497   0.00280
 85.455 Mtm  18   2  -0.00076   0.00580     0.00091  -0.00302
 85.455 Mtm  19   2  -0.00125  -0.00199    -0.00307   0.00232
 85.455 Mtm  20   2  -0.00138   0.00202     0.00025  -0.00161
 85.455 Mtm  21   2   0.00034   0.00112     0.00018  -0.00135
 85.455 Mtm  22   2   0.00092   0.00016     0.00198  -0.00052
 85.455 Mtm  23   2   0.00282   0.00044     0.00315   0.00063
 85.455 Mtm  24   2  -0.00041  -0.00031    -0.00051  -0.00069
 85.455 Mtm  25   2  -0.00054   0.00190     0.00186  -0.00067
 85.455 Mtm  26   2  -0.00052  -0.00098    -0.00121   0.00076
 85.455 Mtm  27   2   0.00058   0.00125     0.00103  -0.00031
 85.455 Mtm  28   2  -0.00059  -0.00085    -0.00147   0.00014
 85.455 Mtm  29   2  -0.00023   0.00127    -0.00053  -0.00022
 85.455 Mtm  30   2   0.00024  -0.00150    -0.00070   0.00103
 85.455 Mtm  31   2  -0.00032   0.00074    -0.00010  -0.00039
 85.455 Mtm  32   2   0.00070  -0.00035    -0.00020   0.00017
 85.455 Mtm  33   2   0.00005  -0.00050     0.00004  -0.00063
 85.455 Mtm  34   2   0.00156  -0.00032     0.00045   0.00042
 85.455 Mtm  35   2  -0.00009  -0.00059     0.00047  -0.00054
 85.455 Mtm  36   2   0.00054  -0.00020     0.00057  -0.00010
 85.455 Mtm  37   2  -0.00029  -0.00018     0.00033  -0.00009
 85.455 Mtm  38   2  -0.00021  -0.00039     0.00035   0.00027
 85.455 Mtm  39   2  -0.00017   0.00051     0.00040  -0.00015
 85.455 Mtm  40   2  -0.00081   0.00023    -0.00017  -0.00026
 85.455 Mtm  41   2  -0.00040   0.00083     0.00040  -0.00009
 85.455 Mtm  42   2  -0.00078   0.00020    -0.00030   0.00003
 85.455 Mtm  43   2   0.00015   0.00067     0.00057   0.00015
 85.455 Mtm  44   2  -0.00026   0.00028    -0.00011  -0.00027
 85.455 Mtm  45   2   0.00024   0.00029     0.00022   0.00018
 85.455 Mtm  46   2   0.00009   0.00036     0.00010  -0.00026
 85.455 Mtm  47   2   0.00026  -0.00007     0.00008  -0.00003
 85.455 Mtm  48   2   0.00045   0.00028     0.00053  -0.00004
 85.455 Mtm  49   2  -0.00033  -0.00051    -0.00069  -0.00005
 85.455 Mtm  50   2   0.00049   0.00014     0.00042   0.00003
 85.455 Mtm   3   3   0.02287  -0.11501    -0.00303   0.12733
 85.455 Mtm   4   3  -0.03548   0.05276    -0.07709  -0.03318
 85.455 Mtm   5   3   0.05243   0.05196     0.04122  -0.05862
 85.455 Mtm   6   3   0.03817   0.02004     0.01492  -0.01191
 85.455 Mtm   7   3   0.02685   0.00193     0.04225  -0.01077
 85.455 Mtm   8   3  -0.00999   0.01459    -0.01875  -0.00373
 85.455 Mtm   9   3  -0.01013  -0.00097     0.00173  -0.00909
 85.455 Mtm  10   3   0.00815   0.00784    -0.00109  -0.00162
 85.455 Mtm  11   3   0.00208  -0.00334     0.00551   0.00748
 85.455 Mtm  12   3  -0.00768  -0.02000    -0.00959   0.00753
 85.455 Mtm  13   3  -0.00461   0.00722    -0.00471   0.00437
 85.455 Mtm  14   3  -0.00292  -0.01104    -0.00309   0.00148
 85.455 Mtm  15   3   0.00100   0.00661     0.00105  -0.00275
 85.455 Mtm  16   3  -0.00234  -0.01134    -0.00459   0.00568
 85.455 Mtm  17   3   0.00449   0.00613     0.00681  -0.00388
 85.455 Mtm  18   3  -0.00422  -0.00638    -0.01043   0.00176
 85.455 Mtm  19   3   0.00534   0.00220     0.00731  -0.00163
 85.455 Mtm  20   3  -0.00059  -0.00258    -0.00387   0.00010
 85.455 Mtm  21   3   0.00374   0.00106     0.00396   0.00099
 85.455 Mtm  22   3  -0.00307  -0.00135    -0.00320  -0.00190
 85.455 Mtm  23   3   0.00226   0.00051     0.00187   0.00166
 85.455 Mtm  24   3  -0.00174  -0.00165    -0.00035  -0.00132
 85.455 Mtm  25   3   0.00214  -0.00002     0.00213   0.00088
 85.455 Mtm  26   3  -0.00340  -0.00080    -0.00268  -0.00198
 85.455 Mtm  27   3  -0.00014  -0.00106     0.00000   0.00031
 85.455 Mtm  28   3  -0.00251   0.00010    -0.00118  -0.00188
 85.455 Mtm  29   3   0.00153  -0.00189     0.00020   0.00156
 85.455 Mtm  30   3  -0.00185  -0.00056    -0.00127  -0.00084
 85.455 Mtm  31   3  -0.00040   0.00007    -0.00066   0.00046
 85.455 Mtm  32   3  -0.00013   0.00003    -0.00020  -0.00102
 85.455 Mtm  33   3  -0.00087  -0.00015    -0.00037   0.00035
 85.455 Mtm  34   3   0.00120  -0.00063     0.00032   0.00093
 85.455 Mtm  35   3  -0.00072   0.00043    -0.00010  -0.00083
 85.455 Mtm  36   3   0.00068   0.00017     0.00003   0.00081
 85.455 Mtm  37   3  -0.00029   0.00061     0.00038  -0.00095
 85.455 Mtm  38   3   0.00030  -0.00015    -0.00006   0.00077
 85.455 Mtm  39   3  -0.00034   0.00042    -0.00006  -0.00064
 85.455 Mtm  40   3   0.00080  -0.00027     0.00010   0.00052
 85.455 Mtm  41   3  -0.00019   0.00048    -0.00022  -0.00046
 85.455 Mtm  42   3   0.00004  -0.00040    -0.00020   0.00035
 85.455 Mtm  43   3   0.00018   0.00008     0.00017   0.00009
 85.455 Mtm  44   3   0.00034  -0.00018     0.00017   0.00009
 85.455 Mtm  45   3   0.00080   0.00026     0.00075   0.00004
 85.455 Mtm  46   3  -0.00009  -0.00001    -0.00006  -0.00017
 85.455 Mtm  47   3   0.00025  -0.00026     0.00006   0.00035
 85.455 Mtm  48   3   0.00010   0.00015     0.00026  -0.00002
 85.455 Mtm  49   3   0.00017   0.00005     0.00008   0.00015
 85.455 Mtm  50   3  -0.00006   0.00033     0.00004  -0.00008
 85.455 Mtm   4   4   0.04704  -0.10804     0.00980   0.11828
 85.455 Mtm   5   4  -0.02607   0.02017    -0.03707  -0.04279
 85.455 Mtm   6   4  -0.01183   0.02019     0.00230  -0.04243
 85.455 Mtm   7   4   0.02310   0.01484     0.02434   0.00455
 85.455 Mtm   8   4   0.00566  -0.01052     0.00307   0.00484
 85.455 Mtm   9   4  -0.01211   0.00308    -0.01512   0.00213
 85.455 Mtm  10   4  -0.00770   0.00982    -0.01087  -0.01378
 85.455 Mtm  11   4   0.00781  -0.00735     0.00436  -0.00739
 85.455 Mtm  12   4  -0.00952  -0.00708    -0.00846   0.00631
 85.455 Mtm  13   4   0.00135  -0.00908     0.00021   0.00305
 85.455 Mtm  14   4  -0.00283  -0.00041    -0.00313   0.00022
 85.455 Mtm  15   4  -0.00313  -0.00251    -0.00134   0.00130
 85.455 Mtm  16   4   0.00367  -0.00511     0.00387   0.00322
 85.455 Mtm  17   4   0.00013  -0.00213     0.00171   0.00418
 85.455 Mtm  18   4  -0.00152  -0.00040     0.00044  -0.00009
 85.455 Mtm  19   4   0.00155   0.00147     0.00249   0.00166
 85.455 Mtm  20   4   0.00015  -0.00244     0.00125   0.00301
 85.455 Mtm  21   4  -0.00041  -0.00042     0.00067   0.00203
 85.455 Mtm  22   4   0.00045  -0.00102    -0.00017   0.00204
 85.455 Mtm  23   4  -0.00253   0.00087    -0.00074  -0.00182
 85.455 Mtm  24   4   0.00073  -0.00155    -0.00173   0.00212
 85.455 Mtm  25   4  -0.00282   0.00090    -0.00094  -0.00299
 85.455 Mtm  26   4  -0.00025  -0.00141    -0.00126   0.00121
 85.455 Mtm  27   4  -0.00141   0.00140    -0.00043  -0.00210
 85.455 Mtm  28   4  -0.00082  -0.00174    -0.00184   0.00057
 85.455 Mtm  29   4   0.00047   0.00088     0.00123  -0.00120
 85.455 Mtm  30   4  -0.00025  -0.00065    -0.00004  -0.00027
 85.455 Mtm  31   4   0.00041   0.00099     0.00129  -0.00038
 85.455 Mtm  32   4  -0.00086  -0.00097    -0.00098  -0.00064
 85.455 Mtm  33   4   0.00095   0.00178     0.00164  -0.00095
 85.455 Mtm  34   4  -0.00063  -0.00038    -0.00063  -0.00038
 85.455 Mtm  35   4   0.00048   0.00069     0.00110  -0.00047
 85.455 Mtm  36   4  -0.00104   0.00007    -0.00091  -0.00019
 85.455 Mtm  37   4   0.00042   0.00053     0.00097  -0.00033
 85.455 Mtm  38   4  -0.00021   0.00008    -0.00041  -0.00017
 85.455 Mtm  39   4  -0.00021   0.00001     0.00016   0.00040
 85.455 Mtm  40   4   0.00019  -0.00049    -0.00023   0.00021
 85.455 Mtm  41   4   0.00039  -0.00033     0.00045   0.00056
 85.455 Mtm  42   4   0.00090   0.00005     0.00054   0.00027
 85.455 Mtm  43   4   0.00001  -0.00069    -0.00051   0.00046
 85.455 Mtm  44   4   0.00031  -0.00022     0.00002   0.00048
 85.455 Mtm  45   4   0.00014  -0.00012    -0.00019  -0.00002
 85.455 Mtm  46   4   0.00008  -0.00004     0.00007   0.00006
 85.455 Mtm  47   4  -0.00034   0.00012    -0.00054  -0.00002
 85.455 Mtm  48   4  -0.00033  -0.00013    -0.00044  -0.00004
 85.455 Mtm  49   4  -0.00028   0.00020    -0.00026  -0.00023
 85.455 Mtm  50   4  -0.00025   0.00003    -0.00014  -0.00031
 85.455 Mtm   5   5   0.02449  -0.03534    -0.00011   0.04300
 85.455 Mtm   6   5  -0.00931  -0.00322     0.00408  -0.00897
 85.455 Mtm   7   5  -0.01502   0.02799    -0.01374  -0.00741
 85.455 Mtm   8   5   0.00688  -0.01987     0.00023   0.00669
 85.455 Mtm   9   5  -0.00772   0.00312    -0.00473   0.01305
 85.455 Mtm  10   5  -0.00181   0.00638    -0.00312  -0.01449
 85.455 Mtm  11   5   0.00321   0.00010     0.00032   0.00176
 85.455 Mtm  12   5  -0.00270  -0.00708     0.00680  -0.00336
 85.455 Mtm  13   5   0.00100   0.00256     0.00041  -0.00241
 85.455 Mtm  14   5  -0.00588  -0.00118     0.00251  -0.00188
 85.455 Mtm  15   5  -0.00136   0.00490     0.00169  -0.00757
 85.455 Mtm  16   5  -0.00269  -0.00137    -0.00019   0.00017
 85.455 Mtm  17   5  -0.00130  -0.00280     0.00417  -0.00097
 85.455 Mtm  18   5  -0.00514   0.00057    -0.00448  -0.00042
 85.455 Mtm  19   5  -0.00094  -0.00262     0.00002   0.00150
 85.455 Mtm  20   5  -0.00528   0.00048    -0.00264  -0.00362
 85.455 Mtm  21   5   0.00227  -0.00054     0.00181   0.00114
 85.455 Mtm  22   5  -0.00448  -0.00125    -0.00275  -0.00223
 85.455 Mtm  23   5  -0.00018   0.00002    -0.00082   0.00035
 85.455 Mtm  24   5  -0.00305  -0.00275    -0.00272  -0.00178
 85.455 Mtm  25   5   0.00106   0.00147     0.00159  -0.00042
 85.455 Mtm  26   5  -0.00012  -0.00190    -0.00056  -0.00030
 85.455 Mtm  27   5   0.00028   0.00087     0.00152  -0.00128
 85.455 Mtm  28   5  -0.00114  -0.00030    -0.00049  -0.00033
 85.455 Mtm  29   5   0.00214  -0.00008     0.00166  -0.00043
 85.455 Mtm  30   5   0.00064   0.00025     0.00132  -0.00075
 85.455 Mtm  31   5   0.00066  -0.00013    -0.00013   0.00038
 85.455 Mtm  32   5  -0.00077   0.00048    -0.00049  -0.00134
 85.455 Mtm  33   5  -0.00004  -0.00012    -0.00044   0.00061
 85.455 Mtm  34   5   0.00016   0.00033     0.00012   0.00002
 85.455 Mtm  35   5  -0.00009  -0.00047    -0.00078   0.00055
 85.455 Mtm  36   5  -0.00135   0.00068    -0.00046   0.00009
 85.455 Mtm  37   5  -0.00018  -0.00029    -0.00040   0.00068
 85.455 Mtm  38   5  -0.00027   0.00035     0.00055   0.00008
 85.455 Mtm  39   5   0.00029  -0.00045     0.00008   0.00064
 85.455 Mtm  40   5   0.00009   0.00030     0.00034   0.00024
 85.455 Mtm  41   5   0.00004   0.00031     0.00026  -0.00017
 85.455 Mtm  42   5   0.00043  -0.00026     0.00021   0.00034
 85.455 Mtm  43   5   0.00035   0.00035     0.00081  -0.00034
 85.455 Mtm  44   5  -0.00021  -0.00043    -0.00086   0.00004
 85.455 Mtm  45   5  -0.00012   0.00064     0.00038  -0.00065
 85.455 Mtm  46   5  -0.00024  -0.00060    -0.00083  -0.00002
 85.455 Mtm  47   5  -0.00009  -0.00015    -0.00001  -0.00009
 85.455 Mtm  48   5  -0.00005  -0.00053    -0.00030   0.00032
 85.455 Mtm  49   5  -0.00006  -0.00006    -0.00000  -0.00026
 85.455 Mtm  50   5  -0.00008  -0.00033    -0.00011   0.00023
 85.455 Mtm   6   6   0.00116  -0.01350    -0.00014   0.00616
 85.455 Mtm   7   6  -0.00836   0.01189    -0.00351  -0.01187
 85.455 Mtm   8   6   0.01374  -0.00556    -0.00203  -0.00266
 85.455 Mtm   9   6   0.00601  -0.01652     0.00524   0.00818
 85.455 Mtm  10   6   0.01615   0.01227     0.00491  -0.01232
 85.455 Mtm  11   6  -0.00036   0.00138     0.00053  -0.01071
 85.455 Mtm  12   6   0.00737   0.00287     0.00413   0.00207
 85.455 Mtm  13   6   0.00182  -0.00023     0.00053   0.00075
 85.455 Mtm  14   6  -0.00312   0.00038    -0.00122   0.00121
 85.455 Mtm  15   6  -0.00561  -0.00015    -0.00618  -0.00319
 85.455 Mtm  16   6  -0.00268  -0.00333     0.00121   0.00161
 85.455 Mtm  17   6  -0.00231  -0.00123    -0.00261  -0.00008
 85.455 Mtm  18   6  -0.00409  -0.00353    -0.00231  -0.00089
 85.455 Mtm  19   6  -0.00437   0.00308    -0.00092  -0.00285
 85.455 Mtm  20   6  -0.00118  -0.00032    -0.00242  -0.00218
 85.455 Mtm  21   6  -0.00257  -0.00091     0.00140  -0.00105
 85.455 Mtm  22   6   0.00111  -0.00015     0.00016  -0.00110
 85.455 Mtm  23   6  -0.00086   0.00114     0.00102  -0.00361
 85.455 Mtm  24   6  -0.00095  -0.00143    -0.00030   0.00016
 85.455 Mtm  25   6   0.00066  -0.00006     0.00030  -0.00077
 85.455 Mtm  26   6  -0.00132  -0.00179    -0.00096   0.00105
 85.455 Mtm  27   6   0.00027   0.00166     0.00080  -0.00112
 85.455 Mtm  28   6  -0.00088  -0.00055    -0.00147  -0.00010
 85.455 Mtm  29   6  -0.00070   0.00172    -0.00079  -0.00061
 85.455 Mtm  30   6  -0.00138  -0.00005    -0.00113  -0.00140
 85.455 Mtm  31   6   0.00014   0.00079    -0.00003   0.00013
 85.455 Mtm  32   6  -0.00068  -0.00095    -0.00117   0.00001
 85.455 Mtm  33   6  -0.00041   0.00029     0.00002  -0.00025
 85.455 Mtm  34   6  -0.00055  -0.00081    -0.00082   0.00025
 85.455 Mtm  35   6   0.00071  -0.00007     0.00107  -0.00014
 85.455 Mtm  36   6   0.00038  -0.00085    -0.00027   0.00052
 85.455 Mtm  37   6  -0.00004   0.00022     0.00018  -0.00013
 85.455 Mtm  38   6  -0.00031  -0.00012    -0.00087  -0.00048
 85.455 Mtm  39   6   0.00032   0.00056     0.00085   0.00011
 85.455 Mtm  40   6  -0.00044  -0.00029    -0.00025  -0.00019
 85.455 Mtm  41   6   0.00006   0.00072     0.00013  -0.00028
 85.455 Mtm  42   6  -0.00130   0.00001    -0.00066  -0.00062
 85.455 Mtm  43   6   0.00028   0.00052     0.00018  -0.00024
 85.455 Mtm  44   6  -0.00081  -0.00067    -0.00038   0.00008
 85.455 Mtm  45   6  -0.00003  -0.00018     0.00015   0.00011
 85.455 Mtm  46   6  -0.00068  -0.00047    -0.00043  -0.00034
 85.455 Mtm  47   6   0.00031  -0.00055     0.00044   0.00045
 85.455 Mtm  48   6   0.00004  -0.00053    -0.00031   0.00017
 85.455 Mtm  49   6   0.00026  -0.00054     0.00018   0.00019
 85.455 Mtm  50   6   0.00008   0.00015    -0.00008  -0.00002
 85.455 Mtm   7   7   0.00301   0.01090     0.01017  -0.00882
 85.455 Mtm   8   7  -0.01243   0.00614    -0.01536  -0.00358
 85.455 Mtm   9   7  -0.00314  -0.01683    -0.00467   0.00201
 85.455 Mtm  10   7  -0.00111   0.01126     0.00681   0.00170
 85.455 Mtm  11   7   0.00631  -0.01518     0.00214   0.00130
 85.455 Mtm  12   7  -0.00456   0.00476     0.00222   0.00515
 85.455 Mtm  13   7  -0.00111  -0.00382    -0.00518  -0.00379
 85.455 Mtm  14   7  -0.00480  -0.00358    -0.00227   0.00429
 85.455 Mtm  15   7   0.00000   0.00294    -0.00211  -0.00403
 85.455 Mtm  16   7  -0.00154   0.00166    -0.00019  -0.00301
 85.455 Mtm  17   7   0.00142  -0.00160     0.00049   0.00208
 85.455 Mtm  18   7  -0.00237   0.00172    -0.00044  -0.00151
 85.455 Mtm  19   7   0.00116   0.00055     0.00267   0.00079
 85.455 Mtm  20   7  -0.00164   0.00417     0.00118  -0.00496
 85.455 Mtm  21   7   0.00087   0.00174     0.00226  -0.00114
 85.455 Mtm  22   7  -0.00218   0.00047     0.00060  -0.00044
 85.455 Mtm  23   7   0.00038  -0.00100     0.00063   0.00063
 85.455 Mtm  24   7  -0.00129   0.00085    -0.00008  -0.00171
 85.455 Mtm  25   7  -0.00180  -0.00020     0.00066   0.00007
 85.455 Mtm  26   7  -0.00077   0.00018    -0.00046  -0.00014
 85.455 Mtm  27   7  -0.00061   0.00000     0.00001   0.00077
 85.455 Mtm  28   7  -0.00142  -0.00041    -0.00102  -0.00019
 85.455 Mtm  29   7   0.00029   0.00032    -0.00098   0.00019
 85.455 Mtm  30   7  -0.00113   0.00080     0.00005  -0.00124
 85.455 Mtm  31   7   0.00138   0.00052     0.00034   0.00073
 85.455 Mtm  32   7   0.00064   0.00011     0.00085   0.00033
 85.455 Mtm  33   7   0.00028   0.00084     0.00088  -0.00005
 85.455 Mtm  34   7   0.00133   0.00026     0.00098   0.00074
 85.455 Mtm  35   7   0.00021   0.00011     0.00118  -0.00016
 85.455 Mtm  36   7   0.00078   0.00023     0.00094   0.00068
 85.455 Mtm  37   7  -0.00004  -0.00011     0.00064  -0.00022
 85.455 Mtm  38   7   0.00018   0.00028     0.00037   0.00025
 85.455 Mtm  39   7  -0.00028   0.00015     0.00002  -0.00011
 85.455 Mtm  40   7  -0.00013  -0.00040     0.00034   0.00040
 85.455 Mtm  41   7  -0.00069   0.00021    -0.00006  -0.00020
 85.455 Mtm  42   7  -0.00040  -0.00058    -0.00019   0.00023
 85.455 Mtm  43   7  -0.00042  -0.00025    -0.00020   0.00000
 85.455 Mtm  44   7  -0.00044  -0.00019    -0.00019  -0.00022
 85.455 Mtm  45   7  -0.00024  -0.00014     0.00009   0.00001
 85.455 Mtm  46   7  -0.00031  -0.00020     0.00001  -0.00018
 85.455 Mtm  47   7  -0.00007   0.00017     0.00024  -0.00038
 85.455 Mtm  48   7  -0.00011   0.00013     0.00002  -0.00035
 85.455 Mtm  49   7  -0.00019   0.00029     0.00010  -0.00077
 85.455 Mtm  50   7  -0.00022  -0.00013    -0.00007  -0.00005
 85.455 Mtm   8   8   0.00479   0.01503     0.01101  -0.01322
 85.455 Mtm   9   8   0.00122   0.00683    -0.00540   0.00264
 85.455 Mtm  10   8  -0.01726  -0.00908    -0.00917  -0.00332
 85.455 Mtm  11   8   0.00539   0.00279     0.00120   0.00298
 85.455 Mtm  12   8  -0.00231  -0.00825     0.00067   0.00523
 85.455 Mtm  13   8   0.00012  -0.00244    -0.00012  -0.00214
 85.455 Mtm  14   8  -0.00571  -0.00017    -0.00909  -0.00092
 85.455 Mtm  15   8   0.00039  -0.00238    -0.00075  -0.00142
 85.455 Mtm  16   8   0.00477   0.00027    -0.00134  -0.00150
 85.455 Mtm  17   8  -0.00089   0.00032     0.00015  -0.00045
 85.455 Mtm  18   8  -0.00269  -0.00164    -0.00556  -0.00182
 85.455 Mtm  19   8   0.00005   0.00085    -0.00278  -0.00002
 85.455 Mtm  20   8  -0.00158  -0.00261    -0.00015  -0.00121
 85.455 Mtm  21   8   0.00116   0.00016    -0.00170  -0.00042
 85.455 Mtm  22   8   0.00065  -0.00091     0.00227   0.00084
 85.455 Mtm  23   8   0.00018  -0.00142    -0.00121   0.00032
 85.455 Mtm  24   8   0.00024   0.00082     0.00137  -0.00003
 85.455 Mtm  25   8   0.00133  -0.00066     0.00179   0.00029
 85.455 Mtm  26   8  -0.00174  -0.00013     0.00007  -0.00014
 85.455 Mtm  27   8   0.00040  -0.00065     0.00104   0.00026
 85.455 Mtm  28   8  -0.00077   0.00176     0.00086  -0.00138
 85.455 Mtm  29   8   0.00014  -0.00001     0.00071  -0.00002
 85.455 Mtm  30   8  -0.00138   0.00015    -0.00057  -0.00060
 85.455 Mtm  31   8  -0.00080  -0.00002    -0.00010  -0.00025
 85.455 Mtm  32   8  -0.00010   0.00090     0.00081  -0.00118
 85.455 Mtm  33   8   0.00038   0.00120     0.00112  -0.00059
 85.455 Mtm  34   8  -0.00061   0.00009     0.00049  -0.00055
 85.455 Mtm  35   8  -0.00034   0.00077     0.00089  -0.00036
 85.455 Mtm  36   8  -0.00045   0.00011     0.00080  -0.00013
 85.455 Mtm  37   8   0.00010   0.00006     0.00113   0.00002
 85.455 Mtm  38   8  -0.00092  -0.00036     0.00021   0.00005
 85.455 Mtm  39   8  -0.00021   0.00002     0.00053  -0.00006
 85.455 Mtm  40   8  -0.00031  -0.00028     0.00061   0.00015
 85.455 Mtm  41   8  -0.00005  -0.00020     0.00039   0.00012
 85.455 Mtm  42   8  -0.00005   0.00009     0.00040   0.00005
 85.455 Mtm  43   8  -0.00059   0.00002    -0.00032  -0.00022
 85.455 Mtm  44   8   0.00016   0.00055     0.00063  -0.00043
 85.455 Mtm  45   8  -0.00009   0.00003    -0.00009  -0.00002
 85.455 Mtm  46   8   0.00015   0.00053     0.00049  -0.00054
 85.455 Mtm  47   8  -0.00007   0.00017    -0.00020  -0.00018
 85.455 Mtm  48   8  -0.00021   0.00058     0.00017  -0.00031
 85.455 Mtm  49   8  -0.00021  -0.00038    -0.00046  -0.00024
 85.455 Mtm  50   8  -0.00039   0.00016    -0.00008  -0.00001
 85.455 Mtm   9   9   0.00548   0.01325     0.00468  -0.01356
 85.455 Mtm  10   9  -0.00672  -0.00759    -0.00735   0.00097
 85.455 Mtm  11   9  -0.00442   0.00515    -0.00065   0.00030
 85.455 Mtm  12   9   0.00705  -0.00646     0.00160  -0.00040
 85.455 Mtm  13   9   0.00116   0.00849     0.00176  -0.00322
 85.455 Mtm  14   9   0.00041  -0.00397     0.00049  -0.00339
 85.455 Mtm  15   9   0.00067   0.00477     0.00165  -0.00211
 85.455 Mtm  16   9  -0.00121   0.00489     0.00185  -0.00680
 85.455 Mtm  17   9   0.00344  -0.00161     0.00631   0.00117
 85.455 Mtm  18   9   0.00048  -0.00243     0.00053  -0.00042
 85.455 Mtm  19   9  -0.00138  -0.00057     0.00093  -0.00262
 85.455 Mtm  20   9   0.00084   0.00057     0.00206  -0.00421
 85.455 Mtm  21   9  -0.00006   0.00097     0.00227  -0.00053
 85.455 Mtm  22   9   0.00261  -0.00291     0.00230   0.00159
 85.455 Mtm  23   9  -0.00236  -0.00081    -0.00104   0.00026
 85.455 Mtm  24   9   0.00045   0.00052     0.00134  -0.00029
 85.455 Mtm  25   9  -0.00006   0.00115     0.00076  -0.00183
 85.455 Mtm  26   9   0.00015  -0.00045     0.00007   0.00079
 85.455 Mtm  27   9  -0.00125   0.00089    -0.00090   0.00020
 85.455 Mtm  28   9  -0.00023  -0.00176    -0.00118   0.00170
 85.455 Mtm  29   9   0.00024   0.00112     0.00036  -0.00093
 85.455 Mtm  30   9   0.00012  -0.00006     0.00089   0.00087
 85.455 Mtm  31   9   0.00038  -0.00038     0.00027   0.00076
 85.455 Mtm  32   9   0.00047  -0.00044     0.00046   0.00121
 85.455 Mtm  33   9  -0.00029   0.00025     0.00049  -0.00010
 85.455 Mtm  34   9   0.00035   0.00065     0.00034  -0.00051
 85.455 Mtm  35   9   0.00042   0.00042     0.00107   0.00012
 85.455 Mtm  36   9  -0.00066   0.00022    -0.00012  -0.00001
 85.455 Mtm  37   9   0.00074  -0.00028     0.00048   0.00090
 85.455 Mtm  38   9  -0.00076   0.00045     0.00025  -0.00073
 85.455 Mtm  39   9   0.00063   0.00041     0.00040   0.00036
 85.455 Mtm  40   9  -0.00079  -0.00029    -0.00007  -0.00073
 85.455 Mtm  41   9   0.00012  -0.00039    -0.00002   0.00051
 85.455 Mtm  42   9  -0.00037  -0.00016     0.00018  -0.00057
 85.455 Mtm  43   9   0.00039  -0.00044    -0.00019  -0.00004
 85.455 Mtm  44   9  -0.00048  -0.00003     0.00008  -0.00057
 85.455 Mtm  45   9  -0.00029  -0.00128    -0.00073   0.00018
 85.455 Mtm  46   9  -0.00015  -0.00023    -0.00008  -0.00026
 85.455 Mtm  47   9  -0.00013  -0.00071    -0.00027  -0.00002
 85.455 Mtm  48   9  -0.00008  -0.00004    -0.00031  -0.00016
 85.455 Mtm  49   9  -0.00079  -0.00034    -0.00084  -0.00021
 85.455 Mtm  50   9   0.00007  -0.00004    -0.00002  -0.00008
 85.455 Mtm  10  10  -0.00312   0.00017    -0.00606  -0.00662
 85.455 Mtm  11  10  -0.01033  -0.00824    -0.00946   0.00762
 85.455 Mtm  12  10   0.00751   0.00339     0.00427  -0.00038
 85.455 Mtm  13  10  -0.00387   0.00184     0.00026  -0.00336
 85.455 Mtm  14  10   0.00232  -0.00252     0.00006   0.00200
 85.455 Mtm  15  10  -0.00336  -0.00416     0.00111   0.00441
 85.455 Mtm  16  10  -0.00008  -0.00126    -0.00024  -0.00072
 85.455 Mtm  17  10  -0.00448   0.00057    -0.00222   0.00247
 85.455 Mtm  18  10  -0.00093  -0.00253    -0.00000   0.00135
 85.455 Mtm  19  10  -0.00304  -0.00200    -0.00399   0.00323
 85.455 Mtm  20  10  -0.00302  -0.00047    -0.00260  -0.00050
 85.455 Mtm  21  10  -0.00272   0.00006    -0.00117  -0.00004
 85.455 Mtm  22  10   0.00092   0.00063    -0.00048   0.00180
 85.455 Mtm  23  10   0.00044  -0.00228     0.00047   0.00191
 85.455 Mtm  24  10  -0.00186   0.00029    -0.00363   0.00152
 85.455 Mtm  25  10   0.00067  -0.00168     0.00084  -0.00051
 85.455 Mtm  26  10   0.00064  -0.00091     0.00000   0.00095
 85.455 Mtm  27  10   0.00213  -0.00150     0.00068   0.00137
 85.455 Mtm  28  10   0.00108  -0.00177     0.00039   0.00127
 85.455 Mtm  29  10   0.00057  -0.00007    -0.00058   0.00063
 85.455 Mtm  30  10   0.00151  -0.00098     0.00135  -0.00031
 85.455 Mtm  31  10   0.00038  -0.00086    -0.00011   0.00080
 85.455 Mtm  32  10   0.00006   0.00012    -0.00006  -0.00039
 85.455 Mtm  33  10   0.00022  -0.00013    -0.00026   0.00058
 85.455 Mtm  34  10  -0.00014   0.00047    -0.00098   0.00005
 85.455 Mtm  35  10   0.00047   0.00006     0.00012   0.00021
 85.455 Mtm  36  10  -0.00008   0.00034    -0.00046   0.00001
 85.455 Mtm  37  10   0.00007  -0.00008    -0.00055   0.00086
 85.455 Mtm  38  10   0.00025   0.00022     0.00009   0.00006
 85.455 Mtm  39  10   0.00048  -0.00058    -0.00038   0.00077
 85.455 Mtm  40  10   0.00008   0.00041     0.00040  -0.00011
 85.455 Mtm  41  10   0.00034  -0.00052    -0.00010   0.00018
 85.455 Mtm  42  10  -0.00018  -0.00047    -0.00007   0.00050
 85.455 Mtm  43  10  -0.00037  -0.00032    -0.00049   0.00001
 85.455 Mtm  44  10  -0.00010  -0.00000     0.00011  -0.00066
 85.455 Mtm  45  10  -0.00019   0.00003    -0.00009  -0.00001
 85.455 Mtm  46  10  -0.00048  -0.00056    -0.00046  -0.00004
 85.455 Mtm  47  10  -0.00034  -0.00012    -0.00018  -0.00002
 85.455 Mtm  48  10  -0.00026   0.00005    -0.00017  -0.00020
 85.455 Mtm  49  10   0.00007   0.00016     0.00012  -0.00023
 85.455 Mtm  50  10  -0.00007  -0.00005    -0.00034   0.00004
 85.455 Mtm  11  11  -0.00202   0.00147     0.00207  -0.00056
 85.455 Mtm  12  11   0.00146  -0.00368    -0.00319   0.00500
 85.455 Mtm  13  11  -0.00383   0.00106     0.00083  -0.00198
 85.455 Mtm  14  11   0.00185   0.00510     0.00175  -0.00391
 85.455 Mtm  15  11  -0.00489  -0.00456    -0.00130   0.00170
 85.455 Mtm  16  11  -0.00048   0.00221    -0.00071   0.00104
 85.455 Mtm  17  11  -0.00261  -0.00016    -0.00308  -0.00020
 85.455 Mtm  18  11   0.00394   0.00299     0.00237  -0.00072
 85.455 Mtm  19  11   0.00331   0.00150     0.00083  -0.00098
 85.455 Mtm  20  11  -0.00037   0.00017     0.00037  -0.00017
 85.455 Mtm  21  11  -0.00012   0.00233    -0.00007  -0.00194
 85.455 Mtm  22  11   0.00256   0.00050     0.00220   0.00102
 85.455 Mtm  23  11   0.00106  -0.00207     0.00092   0.00084
 85.455 Mtm  24  11   0.00188   0.00004     0.00051   0.00003
 85.455 Mtm  25  11   0.00003   0.00082     0.00068  -0.00186
 85.455 Mtm  26  11   0.00034  -0.00106    -0.00053   0.00035
 85.455 Mtm  27  11   0.00006  -0.00168     0.00010   0.00091
 85.455 Mtm  28  11  -0.00210  -0.00109    -0.00065   0.00035
 85.455 Mtm  29  11   0.00040   0.00015    -0.00045  -0.00056
 85.455 Mtm  30  11  -0.00165   0.00018    -0.00019  -0.00067
 85.455 Mtm  31  11  -0.00029  -0.00075    -0.00035   0.00040
 85.455 Mtm  32  11  -0.00081  -0.00041    -0.00052   0.00004
 85.455 Mtm  33  11  -0.00019  -0.00086    -0.00003   0.00063
 85.455 Mtm  34  11  -0.00068  -0.00028    -0.00047   0.00014
 85.455 Mtm  35  11   0.00062  -0.00073     0.00052   0.00094
 85.455 Mtm  36  11   0.00040  -0.00057     0.00041   0.00057
 85.455 Mtm  37  11   0.00081  -0.00079     0.00028   0.00121
 85.455 Mtm  38  11  -0.00029  -0.00016    -0.00013  -0.00042
 85.455 Mtm  39  11   0.00033   0.00027    -0.00004  -0.00021
 85.455 Mtm  40  11  -0.00029   0.00012     0.00005  -0.00052
 85.455 Mtm  41  11   0.00036  -0.00037     0.00015   0.00014
 85.455 Mtm  42  11  -0.00066   0.00045    -0.00022  -0.00066
 85.455 Mtm  43  11  -0.00028  -0.00008    -0.00014  -0.00014
 85.455 Mtm  44  11  -0.00064   0.00071    -0.00016  -0.00085
 85.455 Mtm  45  11  -0.00019   0.00001     0.00028  -0.00006
 85.455 Mtm  46  11  -0.00055  -0.00003    -0.00015  -0.00034
 85.455 Mtm  47  11  -0.00012   0.00014     0.00032   0.00016
 85.455 Mtm  48  11  -0.00052  -0.00010    -0.00006  -0.00017
 85.455 Mtm  49  11  -0.00014   0.00010    -0.00007  -0.00006
 85.455 Mtm  50  11  -0.00012   0.00012     0.00024  -0.00010
 85.455 Mtm  12  12   0.00848   0.00830     0.00933  -0.00621
 85.455 Mtm  13  12  -0.00001   0.00092     0.00112  -0.00050
 85.455 Mtm  14  12  -0.00097   0.00328     0.00234  -0.00210
 85.455 Mtm  15  12   0.00474   0.00248    -0.00025  -0.00131
 85.455 Mtm  16  12  -0.00352  -0.00195    -0.00190   0.00202
 85.455 Mtm  17  12   0.00389   0.00273    -0.00184  -0.00150
 85.455 Mtm  18  12   0.00143  -0.00065    -0.00021   0.00064
 85.455 Mtm  19  12   0.00219   0.00317     0.00172  -0.00438
 85.455 Mtm  20  12  -0.00068  -0.00045     0.00029   0.00181
 85.455 Mtm  21  12  -0.00011   0.00016     0.00014  -0.00116
 85.455 Mtm  22  12  -0.00061   0.00043    -0.00199   0.00048
 85.455 Mtm  23  12  -0.00159  -0.00024    -0.00301  -0.00034
 85.455 Mtm  24  12   0.00168  -0.00238     0.00034   0.00168
 85.455 Mtm  25  12  -0.00135  -0.00120    -0.00275   0.00054
 85.455 Mtm  26  12  -0.00019  -0.00093    -0.00031  -0.00007
 85.455 Mtm  27  12  -0.00041  -0.00064    -0.00098   0.00137
 85.455 Mtm  28  12  -0.00003  -0.00266    -0.00113   0.00155
 85.455 Mtm  29  12  -0.00140  -0.00071    -0.00149   0.00085
 85.455 Mtm  30  12  -0.00041  -0.00005    -0.00096  -0.00056
 85.455 Mtm  31  12   0.00003  -0.00027    -0.00008   0.00011
 85.455 Mtm  32  12  -0.00040  -0.00124    -0.00104   0.00150
 85.455 Mtm  33  12  -0.00007  -0.00024    -0.00010  -0.00008
 85.455 Mtm  34  12   0.00017  -0.00046    -0.00017   0.00084
 85.455 Mtm  35  12   0.00051   0.00094     0.00044  -0.00056
 85.455 Mtm  36  12   0.00069  -0.00043     0.00033   0.00061
 85.455 Mtm  37  12  -0.00001   0.00079    -0.00034  -0.00002
 85.455 Mtm  38  12   0.00066  -0.00000     0.00014   0.00065
 85.455 Mtm  39  12  -0.00006   0.00053    -0.00027  -0.00034
 85.455 Mtm  40  12   0.00020   0.00049    -0.00030   0.00011
 85.455 Mtm  41  12  -0.00031   0.00041     0.00009  -0.00040
 85.455 Mtm  42  12   0.00006  -0.00008    -0.00022   0.00045
 85.455 Mtm  43  12  -0.00028  -0.00008     0.00005   0.00019
 85.455 Mtm  44  12  -0.00026   0.00012    -0.00007   0.00007
 85.455 Mtm  45  12   0.00000   0.00037     0.00002  -0.00037
 85.455 Mtm  46  12  -0.00006  -0.00007     0.00027   0.00025
 85.455 Mtm  47  12  -0.00009   0.00002    -0.00002   0.00009
 85.455 Mtm  48  12  -0.00036   0.00025    -0.00015  -0.00022
 85.455 Mtm  49  12  -0.00008   0.00060     0.00032  -0.00029
 85.455 Mtm  50  12  -0.00005   0.00033     0.00011  -0.00023
 85.455 Mtm  13  13   0.00236   0.00565     0.00301  -0.00346
 85.455 Mtm  14  13   0.00184   0.00322     0.00216  -0.00680
 85.455 Mtm  15  13  -0.00191   0.00585     0.00021  -0.00213
 85.455 Mtm  16  13   0.00134  -0.00459    -0.00020   0.00251
 85.455 Mtm  17  13  -0.00003  -0.00095    -0.00172   0.00339
 85.455 Mtm  18  13   0.00030  -0.00223     0.00109  -0.00029
 85.455 Mtm  19  13  -0.00051   0.00068     0.00250  -0.00122
 85.455 Mtm  20  13   0.00028  -0.00284    -0.00075   0.00068
 85.455 Mtm  21  13  -0.00279  -0.00177     0.00026   0.00114
 85.455 Mtm  22  13   0.00221  -0.00030    -0.00059   0.00046
 85.455 Mtm  23  13   0.00020  -0.00177    -0.00000   0.00161
 85.455 Mtm  24  13   0.00008  -0.00051    -0.00176  -0.00067
 85.455 Mtm  25  13  -0.00015  -0.00114     0.00022   0.00044
 85.455 Mtm  26  13  -0.00078  -0.00012    -0.00028  -0.00074
 85.455 Mtm  27  13  -0.00058  -0.00125    -0.00068   0.00035
 85.455 Mtm  28  13  -0.00068  -0.00029    -0.00012  -0.00103
 85.455 Mtm  29  13  -0.00156  -0.00020    -0.00107  -0.00071
 85.455 Mtm  30  13  -0.00008   0.00069     0.00025  -0.00136
 85.455 Mtm  31  13  -0.00080   0.00090     0.00044  -0.00155
 85.455 Mtm  32  13  -0.00105   0.00052    -0.00036  -0.00125
 85.455 Mtm  33  13  -0.00034   0.00037     0.00035  -0.00067
 85.455 Mtm  34  13  -0.00065   0.00073    -0.00010  -0.00073
 85.455 Mtm  35  13  -0.00024   0.00027     0.00045  -0.00056
 85.455 Mtm  36  13  -0.00006   0.00034     0.00006  -0.00023
 85.455 Mtm  37  13  -0.00038  -0.00056    -0.00045   0.00035
 85.455 Mtm  38  13  -0.00007  -0.00066    -0.00020   0.00026
 85.455 Mtm  39  13  -0.00004  -0.00043    -0.00058   0.00078
 85.455 Mtm  40  13   0.00017  -0.00061     0.00012   0.00051
 85.455 Mtm  41  13   0.00030  -0.00054    -0.00007   0.00051
 85.455 Mtm  42  13   0.00036  -0.00018     0.00005   0.00050
 85.455 Mtm  43  13   0.00001  -0.00039    -0.00004   0.00009
 85.455 Mtm  44  13   0.00014   0.00066     0.00039  -0.00027
 85.455 Mtm  45  13   0.00021   0.00042     0.00044  -0.00016
 85.455 Mtm  46  13   0.00050   0.00054     0.00082  -0.00042
 85.455 Mtm  47  13   0.00005   0.00036     0.00014   0.00023
 85.455 Mtm  48  13   0.00024   0.00037     0.00057  -0.00023
 85.455 Mtm  49  13  -0.00017   0.00019    -0.00009  -0.00001
 85.455 Mtm  50  13   0.00034   0.00059     0.00076   0.00005
 85.455 Mtm  14  14   0.00114  -0.00004     0.00086  -0.00075
 85.455 Mtm  15  14  -0.00374   0.00015    -0.00108  -0.00358
 85.455 Mtm  16  14  -0.00122  -0.00029    -0.00425  -0.00219
 85.455 Mtm  17  14  -0.00181  -0.00250     0.00113   0.00122
 85.455 Mtm  18  14   0.00436   0.00112    -0.00048  -0.00048
 85.455 Mtm  19  14   0.00037   0.00362     0.00144  -0.00041
 85.455 Mtm  20  14   0.00091  -0.00046    -0.00029  -0.00054
 85.455 Mtm  21  14   0.00071   0.00066    -0.00074   0.00159
 85.455 Mtm  22  14  -0.00082   0.00188    -0.00104  -0.00279
 85.455 Mtm  23  14   0.00151   0.00055     0.00009   0.00035
 85.455 Mtm  24  14   0.00072   0.00229     0.00081  -0.00244
 85.455 Mtm  25  14   0.00123  -0.00048     0.00192   0.00094
 85.455 Mtm  26  14   0.00008  -0.00014    -0.00033  -0.00089
 85.455 Mtm  27  14   0.00014   0.00044     0.00084  -0.00067
 85.455 Mtm  28  14  -0.00015  -0.00042    -0.00001  -0.00044
 85.455 Mtm  29  14   0.00008  -0.00012     0.00070   0.00013
 85.455 Mtm  30  14   0.00027  -0.00005     0.00038   0.00104
 85.455 Mtm  31  14   0.00015   0.00022     0.00118  -0.00027
 85.455 Mtm  32  14   0.00014   0.00022     0.00014   0.00116
 85.455 Mtm  33  14  -0.00050  -0.00073    -0.00022   0.00031
 85.455 Mtm  34  14  -0.00065   0.00056     0.00000   0.00037
 85.455 Mtm  35  14   0.00021   0.00117     0.00005  -0.00011
 85.455 Mtm  36  14  -0.00051   0.00092     0.00020  -0.00054
 85.455 Mtm  37  14  -0.00021  -0.00040    -0.00070   0.00058
 85.455 Mtm  38  14  -0.00061   0.00025    -0.00027  -0.00019
 85.455 Mtm  39  14   0.00048  -0.00024     0.00037  -0.00023
 85.455 Mtm  40  14   0.00014   0.00083     0.00022  -0.00048
 85.455 Mtm  41  14   0.00041  -0.00005     0.00050  -0.00012
 85.455 Mtm  42  14  -0.00010   0.00049     0.00015  -0.00048
 85.455 Mtm  43  14   0.00056   0.00018     0.00025   0.00016
 85.455 Mtm  44  14   0.00018   0.00034     0.00059  -0.00049
 85.455 Mtm  45  14   0.00040   0.00025     0.00012   0.00036
 85.455 Mtm  46  14   0.00012   0.00044     0.00012  -0.00044
 85.455 Mtm  47  14   0.00054   0.00000     0.00045   0.00056
 85.455 Mtm  48  14  -0.00012  -0.00013    -0.00051   0.00015
 85.455 Mtm  49  14   0.00043  -0.00003     0.00007   0.00034
 85.455 Mtm  50  14   0.00003   0.00008    -0.00034  -0.00004
 85.455 Mtm  15  15   0.00105  -0.00023    -0.00004  -0.00134
 85.455 Mtm  16  15   0.00108  -0.00139     0.00265   0.00192
 85.455 Mtm  17  15  -0.00300  -0.00540    -0.00408   0.00128
 85.455 Mtm  18  15   0.00147   0.00104     0.00179   0.00020
 85.455 Mtm  19  15  -0.00150   0.00082     0.00057  -0.00489
 85.455 Mtm  20  15   0.00102   0.00006     0.00049   0.00036
 85.455 Mtm  21  15   0.00133  -0.00167     0.00040   0.00150
 85.455 Mtm  22  15   0.00051  -0.00293    -0.00060   0.00116
 85.455 Mtm  23  15   0.00065   0.00085     0.00036  -0.00062
 85.455 Mtm  24  15  -0.00076  -0.00093     0.00089  -0.00104
 85.455 Mtm  25  15   0.00062  -0.00021    -0.00000  -0.00000
 85.455 Mtm  26  15  -0.00227  -0.00113    -0.00021   0.00173
 85.455 Mtm  27  15   0.00061  -0.00173    -0.00083   0.00068
 85.455 Mtm  28  15  -0.00108  -0.00101    -0.00128   0.00143
 85.455 Mtm  29  15  -0.00206  -0.00129    -0.00153   0.00038
 85.455 Mtm  30  15  -0.00040  -0.00073    -0.00019   0.00109
 85.455 Mtm  31  15  -0.00022   0.00063     0.00035   0.00019
 85.455 Mtm  32  15  -0.00037   0.00013    -0.00047   0.00023
 85.455 Mtm  33  15  -0.00045  -0.00023    -0.00068   0.00034
 85.455 Mtm  34  15  -0.00005   0.00086    -0.00033  -0.00016
 85.455 Mtm  35  15   0.00050   0.00067     0.00053  -0.00048
 85.455 Mtm  36  15   0.00079   0.00115     0.00075  -0.00073
 85.455 Mtm  37  15   0.00052   0.00060     0.00043  -0.00067
 85.455 Mtm  38  15   0.00017   0.00041     0.00067  -0.00039
 85.455 Mtm  39  15   0.00062   0.00018     0.00056  -0.00032
 85.455 Mtm  40  15   0.00021   0.00023     0.00126   0.00007
 85.455 Mtm  41  15   0.00059   0.00016     0.00082  -0.00043
 85.455 Mtm  42  15  -0.00028  -0.00011     0.00019   0.00035
 85.455 Mtm  43  15  -0.00039  -0.00005     0.00008   0.00005
 85.455 Mtm  44  15  -0.00024  -0.00015     0.00008   0.00037
 85.455 Mtm  45  15  -0.00004  -0.00008     0.00013   0.00045
 85.455 Mtm  46  15   0.00017  -0.00008     0.00020   0.00030
 85.455 Mtm  47  15  -0.00013  -0.00012    -0.00020   0.00018
 85.455 Mtm  48  15   0.00002  -0.00026    -0.00015   0.00032
 85.455 Mtm  49  15  -0.00000   0.00000     0.00007  -0.00006
 85.455 Mtm  50  15   0.00059  -0.00002     0.00039   0.00016
 85.455 Mtm  16  16   0.00348   0.00463     0.00248  -0.00250
 85.455 Mtm  17  16   0.00132   0.00054     0.00342   0.00101
 85.455 Mtm  18  16   0.00224   0.00015    -0.00032   0.00223
 85.455 Mtm  19  16   0.00035  -0.00254     0.00119   0.00123
 85.455 Mtm  20  16  -0.00078   0.00094     0.00089  -0.00112
 85.455 Mtm  21  16  -0.00133  -0.00114    -0.00149  -0.00125
 85.455 Mtm  22  16  -0.00130  -0.00004     0.00050   0.00079
 85.455 Mtm  23  16   0.00090  -0.00133     0.00011   0.00034
 85.455 Mtm  24  16   0.00196  -0.00061     0.00131   0.00180
 85.455 Mtm  25  16   0.00026   0.00020     0.00007  -0.00099
 85.455 Mtm  26  16  -0.00020  -0.00173     0.00027   0.00140
 85.455 Mtm  27  16   0.00049   0.00129    -0.00063  -0.00067
 85.455 Mtm  28  16   0.00016  -0.00041     0.00058   0.00011
 85.455 Mtm  29  16   0.00038   0.00077     0.00038  -0.00043
 85.455 Mtm  30  16   0.00097  -0.00053     0.00034   0.00105
 85.455 Mtm  31  16   0.00012  -0.00007     0.00026   0.00006
 85.455 Mtm  32  16   0.00073   0.00074     0.00021  -0.00088
 85.455 Mtm  33  16   0.00088  -0.00049     0.00040   0.00065
 85.455 Mtm  34  16   0.00017  -0.00018    -0.00032  -0.00017
 85.455 Mtm  35  16   0.00095  -0.00012     0.00029   0.00021
 85.455 Mtm  36  16   0.00070   0.00041     0.00024   0.00025
 85.455 Mtm  37  16   0.00102  -0.00090     0.00061   0.00030
 85.455 Mtm  38  16   0.00066  -0.00008     0.00018   0.00052
 85.455 Mtm  39  16  -0.00018   0.00012     0.00000  -0.00000
 85.455 Mtm  40  16   0.00027  -0.00016     0.00027   0.00032
 85.455 Mtm  41  16   0.00008   0.00040     0.00007   0.00040
 85.455 Mtm  42  16  -0.00027  -0.00042     0.00032   0.00051
 85.455 Mtm  43  16  -0.00014  -0.00014    -0.00036   0.00034
 85.455 Mtm  44  16  -0.00010   0.00037     0.00038   0.00001
 85.455 Mtm  45  16   0.00028   0.00002     0.00029   0.00037
 85.455 Mtm  46  16   0.00043   0.00048     0.00052   0.00018
 85.455 Mtm  47  16   0.00016   0.00021     0.00029   0.00021
 85.455 Mtm  48  16   0.00034   0.00008     0.00035  -0.00004
 85.455 Mtm  49  16  -0.00000   0.00017     0.00003  -0.00017
 85.455 Mtm  50  16   0.00025   0.00022     0.00025  -0.00005
 85.455 Mtm  17  17   0.00036   0.00498     0.00132  -0.00456
 85.455 Mtm  18  17   0.00049   0.00197     0.00179  -0.00018
 85.455 Mtm  19  17  -0.00048  -0.00119    -0.00014  -0.00040
 85.455 Mtm  20  17  -0.00103   0.00098     0.00014   0.00101
 85.455 Mtm  21  17  -0.00011  -0.00175     0.00068   0.00118
 85.455 Mtm  22  17  -0.00257  -0.00045    -0.00235  -0.00059
 85.455 Mtm  23  17  -0.00104   0.00026    -0.00087  -0.00018
 85.455 Mtm  24  17  -0.00029   0.00152    -0.00004  -0.00120
 85.455 Mtm  25  17   0.00144  -0.00037     0.00078   0.00106
 85.455 Mtm  26  17   0.00047  -0.00005    -0.00053   0.00034
 85.455 Mtm  27  17  -0.00142  -0.00117    -0.00107  -0.00005
 85.455 Mtm  28  17  -0.00002   0.00074    -0.00090  -0.00098
 85.455 Mtm  29  17  -0.00137   0.00041     0.00013  -0.00099
 85.455 Mtm  30  17   0.00026   0.00009     0.00011  -0.00009
 85.455 Mtm  31  17  -0.00104   0.00026    -0.00080   0.00001
 85.455 Mtm  32  17  -0.00044  -0.00064    -0.00075   0.00020
 85.455 Mtm  33  17   0.00000  -0.00076    -0.00050   0.00007
 85.455 Mtm  34  17  -0.00037  -0.00078    -0.00015   0.00085
 85.455 Mtm  35  17   0.00003  -0.00072    -0.00031   0.00017
 85.455 Mtm  36  17  -0.00009  -0.00034     0.00043   0.00039
 85.455 Mtm  37  17   0.00043  -0.00037    -0.00032   0.00011
 85.455 Mtm  38  17  -0.00040  -0.00126    -0.00013   0.00054
 85.455 Mtm  39  17  -0.00009  -0.00042    -0.00012   0.00018
 85.455 Mtm  40  17   0.00015  -0.00050     0.00009   0.00006
 85.455 Mtm  41  17   0.00003  -0.00031     0.00021   0.00001
 85.455 Mtm  42  17   0.00051  -0.00031     0.00038   0.00013
 85.455 Mtm  43  17  -0.00007  -0.00039     0.00004   0.00019
 85.455 Mtm  44  17   0.00028  -0.00006     0.00028   0.00004
 85.455 Mtm  45  17   0.00047  -0.00004     0.00003   0.00019
 85.455 Mtm  46  17   0.00027   0.00003     0.00017  -0.00007
 85.455 Mtm  47  17   0.00034   0.00011    -0.00004   0.00018
 85.455 Mtm  48  17  -0.00009  -0.00001    -0.00026  -0.00002
 85.455 Mtm  49  17   0.00025  -0.00035    -0.00013   0.00050
 85.455 Mtm  50  17   0.00010  -0.00013    -0.00033   0.00007
 85.455 Mtm  18  18  -0.00033   0.00200    -0.00175  -0.00175
 85.455 Mtm  19  18   0.00096   0.00048     0.00092   0.00055
 85.455 Mtm  20  18   0.00086   0.00055     0.00081   0.00005
 85.455 Mtm  21  18   0.00029   0.00388    -0.00088  -0.00128
 85.455 Mtm  22  18  -0.00111  -0.00150    -0.00073  -0.00013
 85.455 Mtm  23  18   0.00042   0.00137     0.00104  -0.00026
 85.455 Mtm  24  18  -0.00031  -0.00080    -0.00068  -0.00004
 85.455 Mtm  25  18   0.00052  -0.00040     0.00147  -0.00016
 85.455 Mtm  26  18  -0.00075  -0.00082    -0.00015  -0.00028
 85.455 Mtm  27  18   0.00076  -0.00007     0.00122   0.00006
 85.455 Mtm  28  18  -0.00059  -0.00044    -0.00041  -0.00018
 85.455 Mtm  29  18   0.00042  -0.00091     0.00105   0.00046
 85.455 Mtm  30  18   0.00068   0.00012     0.00045  -0.00032
 85.455 Mtm  31  18  -0.00054  -0.00077     0.00008   0.00134
 85.455 Mtm  32  18   0.00017  -0.00049    -0.00013   0.00037
 85.455 Mtm  33  18   0.00026  -0.00043     0.00053   0.00034
 85.455 Mtm  34  18   0.00003  -0.00012     0.00068   0.00071
 85.455 Mtm  35  18  -0.00012  -0.00095    -0.00013   0.00046
 85.455 Mtm  36  18  -0.00031  -0.00049     0.00013   0.00092
 85.455 Mtm  37  18   0.00015   0.00030     0.00020  -0.00041
 85.455 Mtm  38  18  -0.00020  -0.00009     0.00005  -0.00010
 85.455 Mtm  39  18  -0.00007  -0.00031    -0.00029   0.00014
 85.455 Mtm  40  18  -0.00014   0.00016     0.00000   0.00000
 85.455 Mtm  41  18  -0.00017  -0.00012    -0.00060  -0.00011
 85.455 Mtm  42  18   0.00010   0.00003     0.00029   0.00006
 85.455 Mtm  43  18  -0.00034  -0.00020    -0.00020   0.00001
 85.455 Mtm  44  18  -0.00018   0.00008    -0.00010  -0.00000
 85.455 Mtm  45  18  -0.00014  -0.00024     0.00010   0.00016
 85.455 Mtm  46  18   0.00013  -0.00013     0.00003   0.00037
 85.455 Mtm  47  18  -0.00003  -0.00063     0.00003   0.00027
 85.455 Mtm  48  18  -0.00027  -0.00023    -0.00044   0.00002
 85.455 Mtm  49  18  -0.00015  -0.00021     0.00015  -0.00009
 85.455 Mtm  50  18   0.00014  -0.00040    -0.00010   0.00023
 85.455 Mtm  19  19   0.00038  -0.00100    -0.00038  -0.00051
 85.455 Mtm  20  19   0.00279  -0.00205     0.00148   0.00380
 85.455 Mtm  21  19   0.00233  -0.00019     0.00221   0.00076
 85.455 Mtm  22  19   0.00035   0.00202    -0.00133  -0.00156
 85.455 Mtm  23  19  -0.00028   0.00046    -0.00051  -0.00016
 85.455 Mtm  24  19   0.00227   0.00077     0.00101  -0.00019
 85.455 Mtm  25  19  -0.00109  -0.00037    -0.00045  -0.00069
 85.455 Mtm  26  19  -0.00003  -0.00079     0.00061   0.00197
 85.455 Mtm  27  19  -0.00092   0.00005    -0.00094  -0.00052
 85.455 Mtm  28  19  -0.00117  -0.00133    -0.00056   0.00087
 85.455 Mtm  29  19  -0.00009   0.00186     0.00004  -0.00057
 85.455 Mtm  30  19   0.00093  -0.00027     0.00069  -0.00005
 85.455 Mtm  31  19  -0.00072   0.00036    -0.00057   0.00035
 85.455 Mtm  32  19  -0.00038  -0.00009    -0.00077   0.00013
 85.455 Mtm  33  19  -0.00004   0.00101     0.00009  -0.00037
 85.455 Mtm  34  19   0.00047   0.00126     0.00074  -0.00043
 85.455 Mtm  35  19  -0.00052  -0.00029    -0.00093   0.00022
 85.455 Mtm  36  19  -0.00024   0.00040    -0.00050   0.00029
 85.455 Mtm  37  19  -0.00000   0.00000    -0.00054   0.00017
 85.455 Mtm  38  19  -0.00010  -0.00005    -0.00018   0.00012
 85.455 Mtm  39  19  -0.00017  -0.00062    -0.00020   0.00073
 85.455 Mtm  40  19  -0.00028  -0.00044    -0.00016   0.00014
 85.455 Mtm  41  19   0.00017  -0.00011     0.00002   0.00051
 85.455 Mtm  42  19   0.00034  -0.00062     0.00028   0.00011
 85.455 Mtm  43  19  -0.00018  -0.00066    -0.00016   0.00046
 85.455 Mtm  44  19  -0.00040  -0.00041    -0.00004   0.00009
 85.455 Mtm  45  19  -0.00019  -0.00063    -0.00033   0.00046
 85.455 Mtm  46  19   0.00000  -0.00000     0.00018  -0.00001
 85.455 Mtm  47  19  -0.00010  -0.00025     0.00004   0.00018
 85.455 Mtm  48  19  -0.00025  -0.00008    -0.00026  -0.00006
 85.455 Mtm  49  19   0.00003  -0.00008     0.00017   0.00005
 85.455 Mtm  50  19   0.00023   0.00025    -0.00000  -0.00008
 85.455 Mtm  20  20  -0.00031   0.00160    -0.00034  -0.00222
 85.455 Mtm  21  20   0.00272  -0.00189     0.00259   0.00263
 85.455 Mtm  22  20   0.00125  -0.00111     0.00053   0.00159
 85.455 Mtm  23  20  -0.00104  -0.00123    -0.00121  -0.00029
 85.455 Mtm  24  20   0.00061   0.00142     0.00096   0.00037
 85.455 Mtm  25  20   0.00058  -0.00100     0.00030  -0.00013
 85.455 Mtm  26  20  -0.00019   0.00025    -0.00009  -0.00013
 85.455 Mtm  27  20  -0.00183   0.00017    -0.00100   0.00039
 85.455 Mtm  28  20   0.00034   0.00098     0.00095  -0.00070
 85.455 Mtm  29  20  -0.00085   0.00012    -0.00089   0.00046
 85.455 Mtm  30  20   0.00086   0.00126     0.00095  -0.00020
 85.455 Mtm  31  20  -0.00055  -0.00059    -0.00058  -0.00033
 85.455 Mtm  32  20   0.00012   0.00037     0.00015   0.00063
 85.455 Mtm  33  20   0.00000  -0.00063    -0.00031  -0.00040
 85.455 Mtm  34  20   0.00007   0.00086     0.00022  -0.00030
 85.455 Mtm  35  20   0.00006  -0.00047     0.00003   0.00048
 85.455 Mtm  36  20   0.00023  -0.00102    -0.00048   0.00106
 85.455 Mtm  37  20  -0.00006  -0.00022    -0.00031   0.00073
 85.455 Mtm  38  20   0.00018   0.00013     0.00025  -0.00036
 85.455 Mtm  39  20   0.00086  -0.00007     0.00051   0.00056
 85.455 Mtm  40  20  -0.00014  -0.00040    -0.00017   0.00027
 85.455 Mtm  41  20  -0.00047  -0.00040    -0.00060   0.00040
 85.455 Mtm  42  20  -0.00021   0.00021    -0.00043  -0.00042
 85.455 Mtm  43  20  -0.00010   0.00068     0.00036  -0.00034
 85.455 Mtm  44  20  -0.00019   0.00003    -0.00025  -0.00029
 85.455 Mtm  45  20  -0.00059   0.00029    -0.00065   0.00004
 85.455 Mtm  46  20  -0.00033  -0.00015    -0.00028  -0.00037
 85.455 Mtm  47  20  -0.00009   0.00044     0.00010  -0.00025
 85.455 Mtm  48  20  -0.00014  -0.00011    -0.00024  -0.00010
 85.455 Mtm  49  20  -0.00018   0.00018     0.00007   0.00005
 85.455 Mtm  50  20   0.00007   0.00004     0.00000   0.00000
 85.455 Mtm  21  21  -0.00062   0.00164    -0.00002  -0.00175
 85.455 Mtm  22  21   0.00103   0.00107     0.00085  -0.00038
 85.455 Mtm  23  21   0.00005  -0.00143     0.00002   0.00036
 85.455 Mtm  24  21  -0.00070  -0.00097    -0.00064   0.00102
 85.455 Mtm  25  21   0.00004  -0.00016     0.00016  -0.00001
 85.455 Mtm  26  21   0.00004   0.00079     0.00041  -0.00068
 85.455 Mtm  27  21   0.00120  -0.00027     0.00050   0.00058
 85.455 Mtm  28  21  -0.00038  -0.00046    -0.00127  -0.00039
 85.455 Mtm  29  21   0.00029   0.00032     0.00085  -0.00077
 85.455 Mtm  30  21   0.00019   0.00095    -0.00003  -0.00124
 85.455 Mtm  31  21   0.00077  -0.00054     0.00121   0.00057
 85.455 Mtm  32  21  -0.00025   0.00006    -0.00075   0.00023
 85.455 Mtm  33  21   0.00086  -0.00074     0.00060   0.00047
 85.455 Mtm  34  21  -0.00042   0.00154    -0.00008  -0.00073
 85.455 Mtm  35  21   0.00167  -0.00064     0.00036  -0.00000
 85.455 Mtm  36  21  -0.00018  -0.00014    -0.00036   0.00046
 85.455 Mtm  37  21   0.00032  -0.00032    -0.00046   0.00050
 85.455 Mtm  38  21   0.00042  -0.00013     0.00003  -0.00010
 85.455 Mtm  39  21   0.00009   0.00053     0.00021  -0.00003
 85.455 Mtm  40  21   0.00021  -0.00023    -0.00020  -0.00037
 85.455 Mtm  41  21  -0.00027   0.00014    -0.00038   0.00014
 85.455 Mtm  42  21   0.00014  -0.00015    -0.00040   0.00003
 85.455 Mtm  43  21  -0.00017  -0.00024    -0.00039   0.00004
 85.455 Mtm  44  21   0.00021  -0.00019     0.00008   0.00005
 85.455 Mtm  45  21  -0.00001   0.00009     0.00015   0.00011
 85.455 Mtm  46  21   0.00022  -0.00016     0.00008  -0.00004
 85.455 Mtm  47  21  -0.00016  -0.00022     0.00004   0.00017
 85.455 Mtm  48  21   0.00003  -0.00035     0.00003   0.00008
 85.455 Mtm  49  21   0.00005  -0.00007     0.00027   0.00022
 85.455 Mtm  50  21   0.00003   0.00008     0.00005   0.00007
 85.455 Mtm  22  22  -0.00021  -0.00031     0.00011  -0.00036
 85.455 Mtm  23  22   0.00140   0.00111     0.00124  -0.00071
 85.455 Mtm  24  22  -0.00220  -0.00095    -0.00035  -0.00078
 85.455 Mtm  25  22   0.00044  -0.00022     0.00033   0.00057
 85.455 Mtm  26  22  -0.00062  -0.00049    -0.00045   0.00045
 85.455 Mtm  27  22  -0.00055   0.00175    -0.00003  -0.00061
 85.455 Mtm  28  22   0.00045  -0.00059     0.00057   0.00068
 85.455 Mtm  29  22   0.00057   0.00064    -0.00023   0.00018
 85.455 Mtm  30  22  -0.00079  -0.00114    -0.00056   0.00062
 85.455 Mtm  31  22   0.00033  -0.00023     0.00013  -0.00001
 85.455 Mtm  32  22  -0.00063  -0.00016    -0.00029   0.00058
 85.455 Mtm  33  22   0.00030   0.00023     0.00050   0.00004
 85.455 Mtm  34  22  -0.00057  -0.00023    -0.00071   0.00067
 85.455 Mtm  35  22   0.00055   0.00022     0.00005  -0.00023
 85.455 Mtm  36  22  -0.00080   0.00014    -0.00011  -0.00057
 85.455 Mtm  37  22   0.00051  -0.00045    -0.00044   0.00011
 85.455 Mtm  38  22  -0.00040  -0.00018    -0.00007   0.00009
 85.455 Mtm  39  22   0.00030   0.00012    -0.00012  -0.00030
 85.455 Mtm  40  22   0.00018  -0.00026    -0.00009   0.00030
 85.455 Mtm  41  22  -0.00016  -0.00070    -0.00038   0.00034
 85.455 Mtm  42  22   0.00027  -0.00054     0.00004   0.00009
 85.455 Mtm  43  22   0.00008   0.00038     0.00024  -0.00031
 85.455 Mtm  44  22   0.00056  -0.00014     0.00048   0.00006
 85.455 Mtm  45  22   0.00015  -0.00044     0.00031   0.00047
 85.455 Mtm  46  22  -0.00020   0.00041    -0.00021  -0.00030
 85.455 Mtm  47  22  -0.00017   0.00006     0.00033  -0.00015
 85.455 Mtm  48  22   0.00009   0.00034     0.00008  -0.00004
 85.455 Mtm  49  22   0.00005   0.00007     0.00033   0.00011
 85.455 Mtm  50  22  -0.00052   0.00028    -0.00053  -0.00026
 85.455 Mtm  23  23   0.00024  -0.00141    -0.00026   0.00122
 85.455 Mtm  24  23   0.00068   0.00099     0.00142  -0.00124
 85.455 Mtm  25  23  -0.00169  -0.00180    -0.00092   0.00116
 85.455 Mtm  26  23  -0.00009  -0.00047     0.00044   0.00045
 85.455 Mtm  27  23   0.00008   0.00122     0.00089  -0.00084
 85.455 Mtm  28  23   0.00009   0.00058     0.00041  -0.00016
 85.455 Mtm  29  23  -0.00008   0.00012     0.00057  -0.00006
 85.455 Mtm  30  23  -0.00065   0.00051    -0.00055  -0.00042
 85.455 Mtm  31  23  -0.00010  -0.00009    -0.00040   0.00003
 85.455 Mtm  32  23   0.00060   0.00025     0.00072   0.00056
 85.455 Mtm  33  23   0.00049   0.00010    -0.00052  -0.00035
 85.455 Mtm  34  23  -0.00093   0.00060     0.00043  -0.00043
 85.455 Mtm  35  23   0.00109   0.00049    -0.00016  -0.00017
 85.455 Mtm  36  23   0.00046  -0.00035     0.00052  -0.00025
 85.455 Mtm  37  23  -0.00087  -0.00026    -0.00089   0.00014
 85.455 Mtm  38  23   0.00073  -0.00067     0.00033  -0.00000
 85.455 Mtm  39  23   0.00011   0.00018     0.00032  -0.00000
 85.455 Mtm  40  23   0.00036  -0.00052     0.00038   0.00018
 85.455 Mtm  41  23  -0.00001  -0.00031    -0.00010  -0.00004
 85.455 Mtm  42  23   0.00012  -0.00038     0.00028   0.00041
 85.455 Mtm  43  23   0.00027  -0.00052     0.00039   0.00007
 85.455 Mtm  44  23   0.00030  -0.00024     0.00035   0.00033
 85.455 Mtm  45  23   0.00026  -0.00011     0.00037   0.00006
 85.455 Mtm  46  23  -0.00027  -0.00002    -0.00037   0.00000
 85.455 Mtm  47  23  -0.00003  -0.00027    -0.00016   0.00022
 85.455 Mtm  48  23  -0.00022  -0.00028    -0.00038   0.00036
 85.455 Mtm  49  23   0.00022   0.00014     0.00040   0.00017
 85.455 Mtm  50  23  -0.00000   0.00025    -0.00024   0.00009
 85.455 Mtm  24  24  -0.00098  -0.00095    -0.00072   0.00073
 85.455 Mtm  25  24  -0.00015  -0.00029    -0.00064  -0.00015
 85.455 Mtm  26  24  -0.00104  -0.00232    -0.00157   0.00238
 85.455 Mtm  27  24   0.00072  -0.00079     0.00079   0.00046
 85.455 Mtm  28  24  -0.00002   0.00177    -0.00002  -0.00177
 85.455 Mtm  29  24   0.00034   0.00026     0.00094  -0.00034
 85.455 Mtm  30  24   0.00083  -0.00002     0.00044   0.00034
 85.455 Mtm  31  24  -0.00008  -0.00094    -0.00064   0.00021
 85.455 Mtm  32  24  -0.00025   0.00046    -0.00039  -0.00006
 85.455 Mtm  33  24   0.00076   0.00005     0.00021  -0.00073
 85.455 Mtm  34  24   0.00006  -0.00036     0.00004   0.00011
 85.455 Mtm  35  24   0.00025  -0.00054    -0.00010   0.00034
 85.455 Mtm  36  24  -0.00023  -0.00005     0.00018  -0.00055
 85.455 Mtm  37  24   0.00026  -0.00022     0.00007   0.00045
 85.455 Mtm  38  24   0.00010  -0.00005     0.00004   0.00022
 85.455 Mtm  39  24  -0.00004  -0.00021     0.00008   0.00042
 85.455 Mtm  40  24  -0.00001   0.00021    -0.00008  -0.00006
 85.455 Mtm  41  24  -0.00038  -0.00035    -0.00008   0.00006
 85.455 Mtm  42  24  -0.00012  -0.00038    -0.00038   0.00014
 85.455 Mtm  43  24  -0.00078  -0.00011    -0.00029  -0.00002
 85.455 Mtm  44  24   0.00008  -0.00017    -0.00015   0.00045
 85.455 Mtm  45  24  -0.00039  -0.00026    -0.00001   0.00075
 85.455 Mtm  46  24  -0.00047  -0.00029    -0.00060   0.00023
 85.455 Mtm  47  24  -0.00043  -0.00012    -0.00035   0.00028
 85.455 Mtm  48  24   0.00024  -0.00010     0.00007   0.00025
 85.455 Mtm  49  24   0.00022  -0.00027     0.00022   0.00026
 85.455 Mtm  50  24   0.00003  -0.00017    -0.00013   0.00040
 85.455 Mtm  25  25  -0.00101  -0.00109    -0.00120   0.00055
 85.455 Mtm  26  25   0.00025   0.00020    -0.00016  -0.00003
 85.455 Mtm  27  25   0.00004  -0.00153    -0.00105   0.00151
 85.455 Mtm  28  25   0.00022   0.00055     0.00044  -0.00040
 85.455 Mtm  29  25  -0.00082   0.00026    -0.00063  -0.00078
 85.455 Mtm  30  25  -0.00054   0.00013    -0.00041   0.00006
 85.455 Mtm  31  25   0.00080  -0.00002     0.00092   0.00019
 85.455 Mtm  32  25   0.00047  -0.00063     0.00037   0.00138
 85.455 Mtm  33  25  -0.00002   0.00050    -0.00022  -0.00012
 85.455 Mtm  34  25  -0.00041  -0.00046    -0.00022   0.00011
 85.455 Mtm  35  25  -0.00010   0.00022     0.00042   0.00023
 85.455 Mtm  36  25   0.00014  -0.00044    -0.00034   0.00047
 85.455 Mtm  37  25  -0.00045  -0.00008     0.00020   0.00011
 85.455 Mtm  38  25  -0.00012  -0.00043    -0.00079   0.00040
 85.455 Mtm  39  25  -0.00001   0.00054     0.00072  -0.00022
 85.455 Mtm  40  25   0.00012   0.00040    -0.00028  -0.00014
 85.455 Mtm  41  25  -0.00039   0.00014     0.00023  -0.00034
 85.455 Mtm  42  25  -0.00049  -0.00010    -0.00058   0.00015
 85.455 Mtm  43  25   0.00005  -0.00019     0.00019   0.00003
 85.455 Mtm  44  25   0.00035  -0.00015     0.00011   0.00037
 85.455 Mtm  45  25   0.00019   0.00001     0.00028   0.00003
 85.455 Mtm  46  25  -0.00027  -0.00003    -0.00036   0.00007
 85.455 Mtm  47  25  -0.00002  -0.00018    -0.00003   0.00008
 85.455 Mtm  48  25   0.00030   0.00018     0.00009  -0.00001
 85.455 Mtm  49  25   0.00041  -0.00014     0.00035   0.00001
 85.455 Mtm  50  25   0.00015   0.00008     0.00016   0.00005
 85.455 Mtm  26  26   0.00048   0.00003     0.00027   0.00091
 85.455 Mtm  27  26   0.00052   0.00056     0.00025  -0.00104
 85.455 Mtm  28  26   0.00021   0.00039     0.00041   0.00017
 85.455 Mtm  29  26  -0.00001   0.00043    -0.00047  -0.00033
 85.455 Mtm  30  26  -0.00020  -0.00081    -0.00060   0.00035
 85.455 Mtm  31  26   0.00005  -0.00053    -0.00062   0.00026
 85.455 Mtm  32  26  -0.00005   0.00012     0.00074  -0.00053
 85.455 Mtm  33  26   0.00008   0.00024     0.00013  -0.00001
 85.455 Mtm  34  26   0.00003   0.00024     0.00026  -0.00055
 85.455 Mtm  35  26  -0.00092   0.00056    -0.00012   0.00001
 85.455 Mtm  36  26   0.00100  -0.00059     0.00009   0.00007
 85.455 Mtm  37  26  -0.00074   0.00069    -0.00030  -0.00033
 85.455 Mtm  38  26   0.00065   0.00010     0.00006  -0.00033
 85.455 Mtm  39  26  -0.00019  -0.00010    -0.00032  -0.00006
 85.455 Mtm  40  26   0.00041  -0.00009     0.00016   0.00013
 85.455 Mtm  41  26   0.00003   0.00031    -0.00006  -0.00061
 85.455 Mtm  42  26   0.00004  -0.00020    -0.00007   0.00007
 85.455 Mtm  43  26  -0.00049   0.00002    -0.00038   0.00007
 85.455 Mtm  44  26   0.00030  -0.00037     0.00014   0.00025
 85.455 Mtm  45  26   0.00018   0.00043     0.00037   0.00002
 85.455 Mtm  46  26  -0.00025  -0.00027    -0.00027   0.00006
 85.455 Mtm  47  26  -0.00023  -0.00028    -0.00044   0.00007
 85.455 Mtm  48  26  -0.00060   0.00036    -0.00017  -0.00004
 85.455 Mtm  49  26  -0.00005  -0.00025    -0.00041   0.00012
 85.455 Mtm  50  26  -0.00031  -0.00029    -0.00015   0.00048
 85.455 Mtm  27  27  -0.00023   0.00073     0.00015  -0.00043
 85.455 Mtm  28  27   0.00055   0.00023     0.00027   0.00013
 85.455 Mtm  29  27   0.00026  -0.00011     0.00043  -0.00005
 85.455 Mtm  30  27  -0.00036  -0.00020    -0.00112   0.00055
 85.455 Mtm  31  27   0.00057  -0.00091     0.00001   0.00067
 85.455 Mtm  32  27   0.00076   0.00015    -0.00003  -0.00013
 85.455 Mtm  33  27  -0.00002  -0.00025     0.00023  -0.00011
 85.455 Mtm  34  27  -0.00011  -0.00004    -0.00029  -0.00054
 85.455 Mtm  35  27  -0.00060   0.00089     0.00011  -0.00071
 85.455 Mtm  36  27   0.00000  -0.00035    -0.00046   0.00036
 85.455 Mtm  37  27   0.00048  -0.00102     0.00033   0.00096
 85.455 Mtm  38  27  -0.00004   0.00022    -0.00032  -0.00030
 85.455 Mtm  39  27  -0.00035  -0.00066    -0.00004   0.00021
 85.455 Mtm  40  27   0.00005   0.00031     0.00016  -0.00027
 85.455 Mtm  41  27   0.00026  -0.00017     0.00037   0.00049
 85.455 Mtm  42  27   0.00018   0.00024     0.00041  -0.00029
 85.455 Mtm  43  27   0.00007  -0.00048    -0.00022   0.00065
 85.455 Mtm  44  27   0.00014   0.00036     0.00011  -0.00016
 85.455 Mtm  45  27  -0.00036  -0.00009    -0.00000  -0.00000
 85.455 Mtm  46  27   0.00012   0.00035    -0.00004  -0.00008
 85.455 Mtm  47  27  -0.00033  -0.00043    -0.00010   0.00035
 85.455 Mtm  48  27  -0.00005  -0.00007    -0.00008   0.00015
 85.455 Mtm  49  27  -0.00003   0.00026    -0.00007  -0.00016
 85.455 Mtm  50  27   0.00003  -0.00008     0.00023   0.00012
 85.455 Mtm  28  28  -0.00176  -0.00019    -0.00174  -0.00032
 85.455 Mtm  29  28  -0.00040  -0.00041    -0.00004   0.00043
 85.455 Mtm  30  28   0.00039  -0.00014     0.00033   0.00076
 85.455 Mtm  31  28  -0.00073  -0.00033    -0.00119   0.00018
 85.455 Mtm  32  28  -0.00007   0.00025     0.00050   0.00014
 85.455 Mtm  33  28   0.00075   0.00009     0.00023  -0.00010
 85.455 Mtm  34  28   0.00017  -0.00018     0.00031   0.00067
 85.455 Mtm  35  28  -0.00019  -0.00044     0.00011  -0.00003
 85.455 Mtm  36  28  -0.00068   0.00063    -0.00033  -0.00033
 85.455 Mtm  37  28   0.00021  -0.00009     0.00021   0.00008
 85.455 Mtm  38  28   0.00014   0.00017     0.00045   0.00063
 85.455 Mtm  39  28   0.00024  -0.00048    -0.00011  -0.00001
 85.455 Mtm  40  28  -0.00084   0.00008    -0.00053   0.00051
 85.455 Mtm  41  28   0.00028  -0.00012     0.00012  -0.00028
 85.455 Mtm  42  28  -0.00024   0.00044     0.00003  -0.00020
 85.455 Mtm  43  28   0.00014  -0.00014     0.00009   0.00003
 85.455 Mtm  44  28  -0.00028   0.00005    -0.00014  -0.00013
 85.455 Mtm  45  28   0.00003  -0.00009    -0.00016  -0.00009
 85.455 Mtm  46  28  -0.00033   0.00032    -0.00024  -0.00028
 85.455 Mtm  47  28   0.00036  -0.00003     0.00017  -0.00005
 85.455 Mtm  48  28  -0.00036   0.00025    -0.00019   0.00018
 85.455 Mtm  49  28   0.00000  -0.00000    -0.00011   0.00014
 85.455 Mtm  50  28   0.00017  -0.00000    -0.00004   0.00007
 85.455 Mtm  29  29  -0.00107  -0.00040    -0.00097   0.00025
 85.455 Mtm  30  29  -0.00045  -0.00053    -0.00069   0.00046
 85.455 Mtm  31  29  -0.00047   0.00065     0.00031  -0.00044
 85.455 Mtm  32  29  -0.00089   0.00020    -0.00065  -0.00043
 85.455 Mtm  33  29   0.00031   0.00083     0.00062  -0.00010
 85.455 Mtm  34  29   0.00011  -0.00005     0.00020  -0.00045
 85.455 Mtm  35  29   0.00012  -0.00020     0.00011   0.00071
 85.455 Mtm  36  29  -0.00009  -0.00034    -0.00002   0.00011
 85.455 Mtm  37  29  -0.00037  -0.00026    -0.00034   0.00002
 85.455 Mtm  38  29  -0.00009   0.00043     0.00023  -0.00050
 85.455 Mtm  39  29   0.00031   0.00069     0.00018  -0.00073
 85.455 Mtm  40  29  -0.00029   0.00044     0.00005  -0.00009
 85.455 Mtm  41  29   0.00008  -0.00030    -0.00070   0.00014
 85.455 Mtm  42  29   0.00002   0.00030     0.00014  -0.00014
 85.455 Mtm  43  29   0.00029  -0.00004    -0.00001  -0.00020
 85.455 Mtm  44  29   0.00029  -0.00003     0.00015   0.00025
 85.455 Mtm  45  29  -0.00036  -0.00030    -0.00032  -0.00019
 85.455 Mtm  46  29   0.00018  -0.00005     0.00006   0.00036
 85.455 Mtm  47  29   0.00014   0.00011     0.00010  -0.00015
 85.455 Mtm  48  29   0.00013  -0.00011     0.00026   0.00023
 85.455 Mtm  49  29  -0.00010   0.00024    -0.00034  -0.00007
 85.455 Mtm  50  29   0.00006  -0.00025     0.00008   0.00042
 85.455 Mtm  30  30   0.00026   0.00049     0.00036  -0.00020
 85.455 Mtm  31  30   0.00008   0.00067     0.00040  -0.00036
 85.455 Mtm  32  30  -0.00039  -0.00001    -0.00040  -0.00051
 85.455 Mtm  33  30  -0.00050   0.00001    -0.00005  -0.00012
 85.455 Mtm  34  30   0.00050   0.00070     0.00048   0.00010
 85.455 Mtm  35  30  -0.00010  -0.00034     0.00002  -0.00012
 85.455 Mtm  36  30   0.00001   0.00046    -0.00033   0.00010
 85.455 Mtm  37  30  -0.00044  -0.00036    -0.00016   0.00016
 85.455 Mtm  38  30   0.00049  -0.00025    -0.00021   0.00039
 85.455 Mtm  39  30  -0.00010  -0.00003     0.00021  -0.00004
 85.455 Mtm  40  30   0.00010   0.00001     0.00007  -0.00041
 85.455 Mtm  41  30  -0.00047  -0.00019    -0.00018   0.00025
 85.455 Mtm  42  30   0.00061  -0.00034     0.00019   0.00007
 85.455 Mtm  43  30  -0.00011  -0.00016     0.00031   0.00024
 85.455 Mtm  44  30   0.00010   0.00001     0.00009  -0.00027
 85.455 Mtm  45  30  -0.00015  -0.00024     0.00010   0.00026
 85.455 Mtm  46  30   0.00026   0.00025     0.00018  -0.00002
 85.455 Mtm  47  30  -0.00012   0.00014     0.00001  -0.00009
 85.455 Mtm  48  30   0.00023   0.00013     0.00011  -0.00024
 85.455 Mtm  49  30  -0.00032   0.00014    -0.00014  -0.00010
 85.455 Mtm  50  30   0.00033  -0.00027    -0.00008   0.00024
 85.455 Mtm  31  31   0.00011   0.00008     0.00011  -0.00008
 85.455 Mtm  32  31  -0.00037   0.00138     0.00003  -0.00156
 85.455 Mtm  33  31   0.00033  -0.00019     0.00037   0.00010
 85.455 Mtm  34  31   0.00020  -0.00014     0.00015   0.00034
 85.455 Mtm  35  31  -0.00039  -0.00028    -0.00034  -0.00012
 85.455 Mtm  36  31  -0.00012  -0.00001     0.00018   0.00055
 85.455 Mtm  37  31   0.00027   0.00020    -0.00004  -0.00022
 85.455 Mtm  38  31  -0.00023   0.00024    -0.00031  -0.00013
 85.455 Mtm  39  31   0.00058   0.00028     0.00039   0.00018
 85.455 Mtm  40  31   0.00019   0.00009     0.00031   0.00001
 85.455 Mtm  41  31  -0.00016  -0.00013     0.00001   0.00020
 85.455 Mtm  42  31  -0.00006  -0.00040    -0.00018   0.00036
 85.455 Mtm  43  31  -0.00001   0.00049     0.00038  -0.00011
 85.455 Mtm  44  31   0.00025   0.00014    -0.00001  -0.00010
 85.455 Mtm  45  31  -0.00033  -0.00018    -0.00018   0.00021
 85.455 Mtm  46  31  -0.00019  -0.00020    -0.00036  -0.00004
 85.455 Mtm  47  31   0.00000   0.00036     0.00021  -0.00017
 85.455 Mtm  48  31   0.00008  -0.00004    -0.00020  -0.00018
 85.455 Mtm  49  31  -0.00007  -0.00016     0.00004   0.00017
 85.455 Mtm  50  31  -0.00005   0.00007    -0.00027  -0.00021
 85.455 Mtm  32  32  -0.00017  -0.00129    -0.00047   0.00078
 85.455 Mtm  33  32  -0.00076   0.00044    -0.00092  -0.00067
 85.455 Mtm  34  32  -0.00022   0.00010     0.00014  -0.00034
 85.455 Mtm  35  32  -0.00000   0.00024     0.00011  -0.00046
 85.455 Mtm  36  32  -0.00080  -0.00015    -0.00078  -0.00023
 85.455 Mtm  37  32  -0.00029  -0.00049     0.00006   0.00033
 85.455 Mtm  38  32   0.00074   0.00023     0.00055  -0.00004
 85.455 Mtm  39  32  -0.00010  -0.00004    -0.00021  -0.00001
 85.455 Mtm  40  32   0.00005  -0.00009     0.00003  -0.00010
 85.455 Mtm  41  32   0.00017   0.00026    -0.00001  -0.00041
 85.455 Mtm  42  32  -0.00030  -0.00005    -0.00010   0.00002
 85.455 Mtm  43  32  -0.00005   0.00008    -0.00000   0.00000
 85.455 Mtm  44  32  -0.00019   0.00021     0.00009  -0.00017
 85.455 Mtm  45  32   0.00005   0.00028    -0.00031  -0.00021
 85.455 Mtm  46  32   0.00024  -0.00013     0.00019   0.00020
 85.455 Mtm  47  32   0.00026  -0.00006    -0.00017  -0.00006
 85.455 Mtm  48  32   0.00012  -0.00024     0.00025   0.00010
 85.455 Mtm  49  32   0.00007   0.00016     0.00009  -0.00015
 85.455 Mtm  50  32   0.00028  -0.00019     0.00033   0.00026
 85.455 Mtm  33  33   0.00049  -0.00116     0.00001   0.00114
 85.455 Mtm  34  33  -0.00085   0.00012    -0.00080  -0.00030
 85.455 Mtm  35  33   0.00022  -0.00028    -0.00028   0.00022
 85.455 Mtm  36  33  -0.00027   0.00064    -0.00004  -0.00104
 85.455 Mtm  37  33  -0.00035   0.00044    -0.00027  -0.00062
 85.455 Mtm  38  33   0.00007  -0.00021     0.00002   0.00033
 85.455 Mtm  39  33   0.00032   0.00001     0.00038  -0.00020
 85.455 Mtm  40  33   0.00006  -0.00052     0.00016   0.00050
 85.455 Mtm  41  33   0.00025  -0.00044    -0.00029   0.00054
 85.455 Mtm  42  33  -0.00004   0.00009    -0.00010  -0.00039
 85.455 Mtm  43  33   0.00005  -0.00008    -0.00009   0.00005
 85.455 Mtm  44  33   0.00006   0.00007     0.00028   0.00007
 85.455 Mtm  45  33   0.00015  -0.00011     0.00009   0.00004
 85.455 Mtm  46  33  -0.00026  -0.00009    -0.00000   0.00000
 85.455 Mtm  47  33   0.00012  -0.00024     0.00008   0.00016
 85.455 Mtm  48  33   0.00017   0.00002     0.00034  -0.00010
 85.455 Mtm  49  33  -0.00007  -0.00006    -0.00008   0.00025
 85.455 Mtm  50  33  -0.00016   0.00006     0.00017  -0.00019
 85.455 Mtm  34  34   0.00029   0.00022     0.00073   0.00010
 85.455 Mtm  35  34  -0.00036  -0.00000    -0.00080  -0.00024
 85.455 Mtm  36  34   0.00058   0.00003     0.00046   0.00035
 85.455 Mtm  37  34   0.00068   0.00005     0.00045  -0.00006
 85.455 Mtm  38  34  -0.00026   0.00020    -0.00025  -0.00021
 85.455 Mtm  39  34  -0.00010   0.00005     0.00020  -0.00009
 85.455 Mtm  40  34  -0.00016  -0.00014    -0.00020  -0.00008
 85.455 Mtm  41  34   0.00005  -0.00009     0.00032   0.00040
 85.455 Mtm  42  34  -0.00011   0.00028     0.00008   0.00006
 85.455 Mtm  43  34  -0.00009  -0.00017     0.00003   0.00009
 85.455 Mtm  44  34   0.00027  -0.00009     0.00003   0.00029
 85.455 Mtm  45  34   0.00015   0.00011     0.00021  -0.00019
 85.455 Mtm  46  34  -0.00024   0.00028    -0.00010  -0.00026
 85.455 Mtm  47  34   0.00021  -0.00016     0.00004   0.00008
 85.455 Mtm  48  34  -0.00003   0.00017    -0.00011   0.00014
 85.455 Mtm  49  34   0.00000  -0.00026     0.00003   0.00017
 85.455 Mtm  50  34  -0.00012   0.00032    -0.00051  -0.00005
 85.455 Mtm  35  35  -0.00013   0.00033     0.00013  -0.00033
 85.455 Mtm  36  35  -0.00009   0.00034    -0.00018  -0.00014
 85.455 Mtm  37  35   0.00071   0.00035     0.00076  -0.00023
 85.455 Mtm  38  35   0.00055  -0.00037     0.00026   0.00036
 85.455 Mtm  39  35  -0.00012  -0.00063    -0.00026   0.00071
 85.455 Mtm  40  35  -0.00039  -0.00035    -0.00052  -0.00006
 85.455 Mtm  41  35  -0.00026   0.00017     0.00016  -0.00013
 85.455 Mtm  42  35  -0.00010   0.00017    -0.00014  -0.00014
 85.455 Mtm  43  35  -0.00053   0.00026    -0.00016  -0.00046
 85.455 Mtm  44  35   0.00019   0.00003     0.00024   0.00015
 85.455 Mtm  45  35   0.00042  -0.00020     0.00015   0.00035
 85.455 Mtm  46  35  -0.00035  -0.00009    -0.00040  -0.00022
 85.455 Mtm  47  35  -0.00018   0.00020    -0.00019  -0.00041
 85.455 Mtm  48  35   0.00026   0.00001     0.00035   0.00004
 85.455 Mtm  49  35   0.00008   0.00025     0.00013  -0.00022
 85.455 Mtm  50  35   0.00005  -0.00007    -0.00001   0.00017
 85.455 Mtm  36  36   0.00023   0.00005     0.00005   0.00023
 85.455 Mtm  37  36  -0.00024   0.00039     0.00007  -0.00045
 85.455 Mtm  38  36   0.00039   0.00115     0.00051  -0.00072
 85.455 Mtm  39  36  -0.00022  -0.00037    -0.00029   0.00046
 85.455 Mtm  40  36   0.00042  -0.00032     0.00004   0.00042
 85.455 Mtm  41  36  -0.00009   0.00005    -0.00028   0.00012
 85.455 Mtm  42  36  -0.00018   0.00024    -0.00008  -0.00039
 85.455 Mtm  43  36   0.00003   0.00009    -0.00007  -0.00018
 85.455 Mtm  44  36  -0.00007  -0.00007    -0.00010   0.00000
 85.455 Mtm  45  36   0.00023   0.00017     0.00013   0.00013
 85.455 Mtm  46  36   0.00044  -0.00013     0.00033   0.00017
 85.455 Mtm  47  36  -0.00009  -0.00002    -0.00026   0.00007
 85.455 Mtm  48  36  -0.00009  -0.00025    -0.00008   0.00016
 85.455 Mtm  49  36   0.00013  -0.00012     0.00023  -0.00012
 85.455 Mtm  50  36   0.00001  -0.00008     0.00019  -0.00017
 85.455 Mtm  37  37  -0.00001   0.00034     0.00011  -0.00020
 85.455 Mtm  38  37  -0.00008  -0.00032    -0.00020   0.00026
 85.455 Mtm  39  37  -0.00025   0.00082     0.00006  -0.00097
 85.455 Mtm  40  37   0.00004   0.00031     0.00010   0.00001
 85.455 Mtm  41  37   0.00049   0.00037     0.00042  -0.00029
 85.455 Mtm  42  37   0.00020   0.00046     0.00003  -0.00020
 85.455 Mtm  43  37  -0.00005  -0.00039    -0.00019   0.00004
 85.455 Mtm  44  37  -0.00003   0.00009    -0.00005  -0.00019
 85.455 Mtm  45  37  -0.00003  -0.00028     0.00003   0.00019
 85.455 Mtm  46  37   0.00017   0.00007     0.00021   0.00018
 85.455 Mtm  47  37   0.00015   0.00022     0.00023  -0.00015
 85.455 Mtm  48  37  -0.00009   0.00043     0.00001  -0.00018
 85.455 Mtm  49  37   0.00009  -0.00015    -0.00013   0.00032
 85.455 Mtm  50  37   0.00005  -0.00016    -0.00017   0.00001
 85.455 Mtm  38  38  -0.00043  -0.00012    -0.00038  -0.00023
 85.455 Mtm  39  38   0.00034  -0.00042     0.00031   0.00057
 85.455 Mtm  40  38   0.00018  -0.00011    -0.00002  -0.00010
 85.455 Mtm  41  38  -0.00007   0.00030     0.00022  -0.00035
 85.455 Mtm  42  38   0.00027   0.00030     0.00055  -0.00023
 85.455 Mtm  43  38   0.00044  -0.00022     0.00000   0.00000
 85.455 Mtm  44  38  -0.00014  -0.00014    -0.00014   0.00013
 85.455 Mtm  45  38   0.00016  -0.00034     0.00001   0.00009
 85.455 Mtm  46  38  -0.00022  -0.00051    -0.00032   0.00033
 85.455 Mtm  47  38   0.00005   0.00017     0.00030  -0.00020
 85.455 Mtm  48  38  -0.00024   0.00012     0.00001  -0.00018
 85.455 Mtm  49  38   0.00002   0.00008    -0.00002  -0.00008
 85.455 Mtm  50  38  -0.00015   0.00008    -0.00015  -0.00008
 85.455 Mtm  39  39   0.00012  -0.00030     0.00001   0.00032
 85.455 Mtm  40  39   0.00002  -0.00021     0.00010   0.00001
 85.455 Mtm  41  39   0.00034   0.00022     0.00051  -0.00006
 85.455 Mtm  42  39   0.00009  -0.00049    -0.00004   0.00040
 85.455 Mtm  43  39   0.00002  -0.00039     0.00010   0.00038
 85.455 Mtm  44  39  -0.00000  -0.00000     0.00000   0.00000
 85.455 Mtm  45  39  -0.00042   0.00037    -0.00037  -0.00008
 85.455 Mtm  46  39   0.00035  -0.00010     0.00008   0.00004
 85.455 Mtm  47  39   0.00027  -0.00024    -0.00004   0.00036
 85.455 Mtm  48  39  -0.00016   0.00008    -0.00015  -0.00032
 85.455 Mtm  49  39  -0.00016  -0.00007    -0.00011  -0.00013
 85.455 Mtm  50  39   0.00015  -0.00020     0.00011   0.00032
 85.455 Mtm  40  40   0.00030  -0.00008     0.00027   0.00016
 85.455 Mtm  41  40  -0.00020  -0.00002    -0.00020   0.00005
 85.455 Mtm  42  40  -0.00013   0.00015     0.00010  -0.00039
 85.455 Mtm  43  40   0.00027   0.00012     0.00036   0.00016
 85.455 Mtm  44  40   0.00001  -0.00038    -0.00011   0.00047
 85.455 Mtm  45  40  -0.00046   0.00006    -0.00019   0.00001
 85.455 Mtm  46  40  -0.00041   0.00050    -0.00047  -0.00029
 85.455 Mtm  47  40   0.00034   0.00012     0.00026   0.00007
 85.455 Mtm  48  40   0.00026  -0.00002     0.00018  -0.00000
 85.455 Mtm  49  40  -0.00025  -0.00008    -0.00016  -0.00007
 85.455 Mtm  50  40  -0.00031  -0.00013    -0.00025  -0.00001
 85.455 Mtm  41  41   0.00015  -0.00014     0.00000   0.00010
 85.455 Mtm  42  41  -0.00020   0.00003    -0.00010  -0.00001
 85.455 Mtm  43  41   0.00038  -0.00010     0.00007   0.00018
 85.455 Mtm  44  41  -0.00022   0.00031     0.00002  -0.00057
 85.455 Mtm  45  41  -0.00005  -0.00008    -0.00000  -0.00000
 85.455 Mtm  46  41   0.00024   0.00014     0.00025   0.00012
 85.455 Mtm  47  41  -0.00018   0.00020    -0.00024  -0.00027
 85.455 Mtm  48  41   0.00025   0.00025     0.00035  -0.00003
 85.455 Mtm  49  41   0.00018  -0.00018     0.00017   0.00001
 85.455 Mtm  50  41  -0.00016  -0.00007    -0.00034  -0.00000
 85.455 Mtm  42  42   0.00020  -0.00001     0.00020  -0.00003
 85.455 Mtm  43  42  -0.00010  -0.00002    -0.00029   0.00004
 85.455 Mtm  44  42   0.00035   0.00015     0.00038  -0.00003
 85.455 Mtm  45  42   0.00012  -0.00045    -0.00010   0.00016
 85.455 Mtm  46  42  -0.00004  -0.00027     0.00001   0.00009
 85.455 Mtm  47  42   0.00023   0.00013     0.00035  -0.00009
 85.455 Mtm  48  42   0.00013   0.00023     0.00022  -0.00014
 85.455 Mtm  49  42   0.00000   0.00000     0.00005   0.00007
 85.455 Mtm  50  42  -0.00007   0.00005     0.00003   0.00008
 85.455 Mtm  43  43   0.00028   0.00027     0.00032  -0.00023
 85.455 Mtm  44  43  -0.00015  -0.00012    -0.00017   0.00010
 85.455 Mtm  45  43  -0.00019   0.00001    -0.00022  -0.00017
 85.455 Mtm  46  43   0.00054  -0.00035     0.00036   0.00053
 85.455 Mtm  47  43   0.00012  -0.00024     0.00005   0.00036
 85.455 Mtm  48  43  -0.00017  -0.00020    -0.00018   0.00002
 85.455 Mtm  49  43  -0.00017   0.00020     0.00011  -0.00024
 85.455 Mtm  50  43   0.00004   0.00007     0.00015   0.00007
 85.455 Mtm  44  44   0.00029   0.00025     0.00038  -0.00007
 85.455 Mtm  45  44   0.00000  -0.00028    -0.00005   0.00018
 85.455 Mtm  46  44  -0.00018   0.00000    -0.00017   0.00007
 85.455 Mtm  47  44   0.00012  -0.00024     0.00003   0.00027
 85.455 Mtm  48  44  -0.00008   0.00003    -0.00008   0.00004
 85.455 Mtm  49  44  -0.00013  -0.00012    -0.00026  -0.00001
 85.455 Mtm  50  44  -0.00017   0.00001    -0.00007  -0.00024
 85.455 Mtm  45  45   0.00007   0.00017     0.00014  -0.00012
 85.455 Mtm  46  45   0.00034  -0.00014     0.00031   0.00034
 85.455 Mtm  47  45  -0.00022   0.00029    -0.00009  -0.00025
 85.455 Mtm  48  45   0.00017  -0.00041    -0.00001   0.00044
 85.455 Mtm  49  45  -0.00000  -0.00000    -0.00017  -0.00004
 85.455 Mtm  50  45  -0.00005   0.00007    -0.00009  -0.00015
 85.455 Mtm  46  46  -0.00025  -0.00012    -0.00037   0.00002
 85.455 Mtm  47  46   0.00004  -0.00008     0.00016   0.00008
 85.455 Mtm  48  46  -0.00042   0.00013    -0.00044  -0.00006
 85.455 Mtm  49  46   0.00008  -0.00003     0.00024   0.00009
 85.455 Mtm  50  46   0.00033  -0.00008     0.00023   0.00011
 85.455 Mtm  47  47  -0.00023  -0.00014    -0.00027   0.00003
 85.455 Mtm  48  47  -0.00000  -0.00035    -0.00019   0.00030
 85.455 Mtm  49  47  -0.00039  -0.00018    -0.00034   0.00003
 85.455 Mtm  50  47  -0.00019   0.00017    -0.00002  -0.00008
 85.455 Mtm  48  48  -0.00010   0.00015     0.00001  -0.00018
 85.455 Mtm  49  48   0.00043   0.00000     0.00033   0.00009
 85.455 Mtm  50  48  -0.00016  -0.00019    -0.00025   0.00004
 85.455 Mtm  49  49   0.00000   0.00017     0.00001  -0.00009
 85.455 Mtm  50  49   0.00007   0.00042     0.00032  -0.00040
 85.455 Mtm  50  50   0.00006   0.00006     0.00000  -0.00000