 56.554 Sa    0   0   0.00000   0.00000     0.00000   0.00000
 56.554 Sa    1   0   0.00000   0.00000     0.00000   0.00000
 56.554 Sa    2   0  -0.56720  -0.01099     0.00000   0.00000
 56.554 Sa    3   0  -0.00908   0.00050     0.00000   0.00000
 56.554 Sa    4   0   0.10252  -0.00351     0.00000   0.00000
 56.554 Sa    5   0  -0.07016  -0.00302     0.00000   0.00000
 56.554 Sa    6   0   0.04249   0.00026     0.00000   0.00000
 56.554 Sa    7   0  -0.05650  -0.00154     0.00000   0.00000
 56.554 Sa    8   0   0.01004  -0.00005     0.00000   0.00000
 56.554 Sa    9   0  -0.01942  -0.00050     0.00000   0.00000
 56.554 Sa   10   0  -0.00701  -0.00033     0.00000   0.00000
 56.554 Sa   11   0  -0.00500  -0.00025     0.00000   0.00000
 56.554 Sa   12   0  -0.01351  -0.00016     0.00000   0.00000
 56.554 Sa   13   0  -0.00029  -0.00010     0.00000   0.00000
 56.554 Sa   14   0  -0.00856  -0.00002     0.00000   0.00000
 56.554 Sa   15   0   0.00294  -0.00007     0.00000   0.00000
 56.554 Sa   16   0  -0.00654  -0.00009     0.00000   0.00000
 56.554 Sa   17   0  -0.00166   0.00005     0.00000   0.00000
 56.554 Sa   18   0   0.00112   0.00001     0.00000   0.00000
 56.554 Sa   19   0  -0.00000   0.00000     0.00000   0.00000
 56.554 Sa   20   0   0.00183   0.00003     0.00000   0.00000
 56.554 Sa   21   0  -0.00056   0.00017     0.00000   0.00000
 56.554 Sa   22   0   0.00298   0.00012     0.00000   0.00000
 56.554 Sa   23   0   0.00018   0.00003     0.00000   0.00000
 56.554 Sa   24   0   0.00154   0.00008     0.00000   0.00000
 56.554 Sa   25   0   0.00115   0.00001     0.00000   0.00000
 56.554 Sa   26   0   0.00079   0.00007     0.00000   0.00000
 56.554 Sa   27   0   0.00061   0.00004     0.00000   0.00000
 56.554 Sa   28   0  -0.00059  -0.00004     0.00000   0.00000
 56.554 Sa   29   0   0.00100  -0.00002     0.00000   0.00000
 56.554 Sa   30   0   0.00028  -0.00001     0.00000   0.00000
 56.554 Sa   31   0  -0.00040   0.00003     0.00000   0.00000
 56.554 Sa   32   0  -0.00052   0.00001     0.00000   0.00000
 56.554 Sa   33   0  -0.00037  -0.00005     0.00000   0.00000
 56.554 Sa   34   0   0.00086  -0.00001     0.00000   0.00000
 56.554 Sa   35   0  -0.00048  -0.00002     0.00000   0.00000
 56.554 Sa   36   0   0.00046   0.00003     0.00000   0.00000
 56.554 Sa   37   0  -0.00090  -0.00004     0.00000   0.00000
 56.554 Sa   38   0  -0.00022  -0.00004     0.00000   0.00000
 56.554 Sa   39   0   0.00000   0.00000     0.00000   0.00000
 56.554 Sa   40   0  -0.00042  -0.00001     0.00000   0.00000
 56.554 Sa   41   0   0.00010   0.00000     0.00000   0.00000
 56.554 Sa   42   0  -0.00090  -0.00004     0.00000   0.00000
 56.554 Sa   43   0   0.00029   0.00002     0.00000   0.00000
 56.554 Sa   44   0  -0.00029  -0.00003     0.00000   0.00000
 56.554 Sa   45   0   0.00019   0.00002     0.00000   0.00000
 56.554 Sa   46   0  -0.00027  -0.00002     0.00000   0.00000
 56.554 Sa   47   0  -0.00000   0.00000     0.00000   0.00000
 56.554 Sa   48   0   0.00026   0.00003     0.00000   0.00000
 56.554 Sa   49   0  -0.00017  -0.00002     0.00000   0.00000
 56.554 Sa   50   0   0.00034   0.00002     0.00000   0.00000
 56.554 Sa    1   1   0.00000   0.00000     0.00000   0.00000
 56.554 Sa    2   1  -0.00357  -0.00075    -0.00341   0.00131
 56.554 Sa    3   1   0.00456  -0.00218     0.00441   0.00248
 56.554 Sa    4   1  -0.00040  -0.00075    -0.00006   0.00085
 56.554 Sa    5   1   0.00354  -0.00244     0.00330   0.00276
 56.554 Sa    6   1  -0.00206   0.00134    -0.00195  -0.00150
 56.554 Sa    7   1   0.00025  -0.00268     0.00012   0.00269
 56.554 Sa    8   1   0.00138   0.00038     0.00131  -0.00058
 56.554 Sa    9   1  -0.00018  -0.00091    -0.00020   0.00090
 56.554 Sa   10   1   0.00009   0.00077     0.00011  -0.00077
 56.554 Sa   11   1  -0.00282  -0.00154    -0.00283   0.00153
 56.554 Sa   12   1   0.00172  -0.00098     0.00174   0.00093
 56.554 Sa   13   1  -0.00086   0.00032    -0.00110  -0.00053
 56.554 Sa   14   1   0.00021  -0.00083     0.00014   0.00084
 56.554 Sa   15   1  -0.00067  -0.00083    -0.00080   0.00071
 56.554 Sa   16   1   0.00074  -0.00132     0.00055   0.00141
 56.554 Sa   17   1   0.00015   0.00094     0.00024  -0.00092
 56.554 Sa   18   1  -0.00017  -0.00202    -0.00026   0.00178
 56.554 Sa   19   1   0.00235  -0.00001     0.00235   0.00009
 56.554 Sa   20   1  -0.00039   0.00047    -0.00062  -0.00053
 56.554 Sa   21   1   0.00071   0.00031     0.00057  -0.00013
 56.554 Sa   22   1  -0.00054  -0.00013    -0.00032   0.00018
 56.554 Sa   23   1   0.00085  -0.00027     0.00084   0.00029
 56.554 Sa   24   1  -0.00081  -0.00029    -0.00095   0.00040
 56.554 Sa   25   1   0.00141  -0.00203     0.00139   0.00224
 56.554 Sa   26   1   0.00238   0.00185     0.00260  -0.00153
 56.554 Sa   27   1  -0.00031   0.00197     0.00024  -0.00213
 56.554 Sa   28   1  -0.00275   0.00145    -0.00269  -0.00208
 56.554 Sa   29   1  -0.00146  -0.00388    -0.00199   0.00380
 56.554 Sa   30   1   0.00299   0.00054     0.00304  -0.00019
 56.554 Sa   31   1  -0.00113   0.00133    -0.00111  -0.00134
 56.554 Sa   32   1  -0.00051   0.00059    -0.00048  -0.00044
 56.554 Sa   33   1  -0.00278  -0.00083    -0.00279   0.00081
 56.554 Sa   34   1   0.00125  -0.00372     0.00124   0.00373
 56.554 Sa   35   1   0.00169   0.00089     0.00166  -0.00095
 56.554 Sa   36   1   0.00042  -0.00096     0.00031   0.00088
 56.554 Sa   37   1   0.00125   0.00131     0.00129  -0.00127
 56.554 Sa   38   1  -0.00044  -0.00063    -0.00052   0.00057
 56.554 Sa   39   1   0.00125   0.00031     0.00127  -0.00023
 56.554 Sa   40   1  -0.00041   0.00032    -0.00039  -0.00035
 56.554 Sa   41   1   0.00092  -0.00003     0.00102   0.00011
 56.554 Sa   42   1  -0.00010   0.00090    -0.00006  -0.00090
 56.554 Sa   43   1   0.00001  -0.00029     0.00002   0.00029
 56.554 Sa   44   1  -0.00011   0.00066    -0.00006  -0.00067
 56.554 Sa   45   1  -0.00008  -0.00046    -0.00007   0.00046
 56.554 Sa   46   1   0.00045   0.00058     0.00049  -0.00055
 56.554 Sa   47   1  -0.00041  -0.00019    -0.00042   0.00015
 56.554 Sa   48   1   0.00035  -0.00003     0.00035   0.00004
 56.554 Sa   49   1  -0.00005   0.00017    -0.00004  -0.00017
 56.554 Sa   50   1   0.00033  -0.00005     0.00033   0.00006
 56.554 Sa    2   2   0.00059  -0.00236     0.00053   0.00110
 56.554 Sa    3   2  -0.00000   0.00000     0.00011  -0.00100
 56.554 Sa    4   2  -0.00046   0.00071    -0.00015  -0.00084
 56.554 Sa    5   2   0.00000  -0.00000     0.00000   0.00000
 56.554 Sa    6   2  -0.00037   0.00049    -0.00015  -0.00060
 56.554 Sa    7   2  -0.00148  -0.00064    -0.00152   0.00056
 56.554 Sa    8   2  -0.00001   0.00096     0.00005  -0.00095
 56.554 Sa    9   2  -0.00081  -0.00045    -0.00083   0.00040
 56.554 Sa   10   2  -0.00000   0.00000    -0.00013  -0.00037
 56.554 Sa   11   2  -0.00139  -0.00031    -0.00141   0.00021
 56.554 Sa   12   2  -0.00063  -0.00018    -0.00066  -0.00001
 56.554 Sa   13   2  -0.00090  -0.00016    -0.00091   0.00010
 56.554 Sa   14   2  -0.00029  -0.00081    -0.00025   0.00051
 56.554 Sa   15   2  -0.00080   0.00011    -0.00052  -0.00012
 56.554 Sa   16   2  -0.00073  -0.00069    -0.00061   0.00044
 56.554 Sa   17   2  -0.00024   0.00000    -0.00023  -0.00004
 56.554 Sa   18   2  -0.00049  -0.00047    -0.00051   0.00044
 56.554 Sa   19   2  -0.00000   0.00000    -0.00000   0.00000
 56.554 Sa   20   2  -0.00000   0.00000    -0.00003  -0.00020
 56.554 Sa   21   2   0.00018  -0.00008     0.00018   0.00006
 56.554 Sa   22   2  -0.00003   0.00018    -0.00007  -0.00017
 56.554 Sa   23   2   0.00018   0.00001     0.00017   0.00006
 56.554 Sa   24   2   0.00041   0.00031     0.00043  -0.00029
 56.554 Sa   25   2   0.00008   0.00015     0.00007  -0.00015
 56.554 Sa   26   2   0.00016   0.00027     0.00013  -0.00029
 56.554 Sa   27   2  -0.00013   0.00008    -0.00014  -0.00007
 56.554 Sa   28   2   0.00041  -0.00017     0.00036   0.00026
 56.554 Sa   29   2   0.00004   0.00014     0.00008  -0.00012
 56.554 Sa   30   2   0.00019  -0.00020     0.00017   0.00022
 56.554 Sa   31   2   0.00023   0.00014     0.00024  -0.00013
 56.554 Sa   32   2   0.00037  -0.00011     0.00025   0.00008
 56.554 Sa   33   2   0.00016   0.00019     0.00018  -0.00018
 56.554 Sa   34   2   0.00008  -0.00036     0.00009   0.00036
 56.554 Sa   35   2   0.00069   0.00020     0.00070  -0.00016
 56.554 Sa   36   2   0.00016   0.00044     0.00018  -0.00043
 56.554 Sa   37   2   0.00016   0.00042     0.00024  -0.00051
 56.554 Sa   38   2  -0.00043   0.00012    -0.00041  -0.00017
 56.554 Sa   39   2   0.00029  -0.00013     0.00031   0.00010
 56.554 Sa   40   2   0.00010   0.00052     0.00008  -0.00052
 56.554 Sa   41   2  -0.00045   0.00041    -0.00046  -0.00041
 56.554 Sa   42   2  -0.00057  -0.00018    -0.00049   0.00011
 56.554 Sa   43   2  -0.00025  -0.00042    -0.00030   0.00039
 56.554 Sa   44   2  -0.00002  -0.00019    -0.00005   0.00019
 56.554 Sa   45   2  -0.00037   0.00008    -0.00036  -0.00012
 56.554 Sa   46   2  -0.00033  -0.00044    -0.00042   0.00049
 56.554 Sa   47   2   0.00001  -0.00054     0.00001   0.00054
 56.554 Sa   48   2   0.00010  -0.00043     0.00010   0.00043
 56.554 Sa   49   2   0.00041  -0.00015     0.00039   0.00018
 56.554 Sa   50   2  -0.00010   0.00014    -0.00009  -0.00015
 56.554 Sa    3   3   0.00028   0.00097     0.00000   0.00000
 56.554 Sa    4   3  -0.00000  -0.00000    -0.00008   0.00084
 56.554 Sa    5   3   0.00000  -0.00000     0.00010   0.00071
 56.554 Sa    6   3   0.00000   0.00000    -0.00000  -0.00000
 56.554 Sa    7   3   0.00000   0.00000     0.00000   0.00000
 56.554 Sa    8   3   0.00000  -0.00000     0.00000   0.00000
 56.554 Sa    9   3  -0.00023  -0.00040    -0.00040   0.00083
 56.554 Sa   10   3   0.00039  -0.00003     0.00038   0.00009
 56.554 Sa   11   3  -0.00036   0.00000    -0.00035   0.00006
 56.554 Sa   12   3  -0.00030  -0.00014    -0.00032   0.00009
 56.554 Sa   13   3  -0.00039  -0.00047    -0.00035   0.00050
 56.554 Sa   14   3   0.00015  -0.00024     0.00008   0.00027
 56.554 Sa   15   3  -0.00026   0.00006    -0.00027  -0.00002
 56.554 Sa   16   3  -0.00014  -0.00021    -0.00019   0.00016
 56.554 Sa   17   3  -0.00021  -0.00012    -0.00040   0.00026
 56.554 Sa   18   3   0.00008  -0.00044     0.00006   0.00045
 56.554 Sa   19   3  -0.00020   0.00007    -0.00000  -0.00000
 56.554 Sa   20   3  -0.00020  -0.00035    -0.00022   0.00034
 56.554 Sa   21   3  -0.00006  -0.00019    -0.00010   0.00017
 56.554 Sa   22   3   0.00001  -0.00019     0.00001   0.00019
 56.554 Sa   23   3   0.00003  -0.00018     0.00002   0.00018
 56.554 Sa   24   3  -0.00000   0.00000    -0.00000  -0.00000
 56.554 Sa   25   3  -0.00005  -0.00016    -0.00008   0.00014
 56.554 Sa   26   3  -0.00000   0.00000    -0.00000  -0.00000
 56.554 Sa   27   3  -0.00013  -0.00028    -0.00018   0.00025
 56.554 Sa   28   3   0.00014   0.00003     0.00014   0.00004
 56.554 Sa   29   3  -0.00000   0.00000    -0.00000   0.00000
 56.554 Sa   30   3  -0.00000   0.00000    -0.00006  -0.00013
 56.554 Sa   31   3  -0.00009  -0.00010    -0.00012   0.00005
 56.554 Sa   32   3  -0.00002  -0.00013    -0.00005   0.00012
 56.554 Sa   33   3   0.00011   0.00005     0.00012   0.00003
 56.554 Sa   34   3   0.00002   0.00012     0.00001  -0.00012
 56.554 Sa   35   3  -0.00007   0.00010    -0.00006  -0.00011
 56.554 Sa   36   3  -0.00008  -0.00008    -0.00009   0.00008
 56.554 Sa   37   3   0.00000   0.00000     0.00000   0.00000
 56.554 Sa   38   3   0.00011  -0.00000     0.00011   0.00003
 56.554 Sa   39   3  -0.00005   0.00010    -0.00005  -0.00009
 56.554 Sa   40   3  -0.00008   0.00007    -0.00009  -0.00005
 56.554 Sa   41   3  -0.00000  -0.00000    -0.00000   0.00000
 56.554 Sa   42   3   0.00000  -0.00000     0.00000  -0.00000
 56.554 Sa   43   3  -0.00000   0.00000    -0.00000  -0.00000
 56.554 Sa   44   3  -0.00004   0.00009    -0.00004  -0.00009
 56.554 Sa   45   3  -0.00005   0.00008    -0.00006  -0.00007
 56.554 Sa   46   3   0.00004  -0.00008     0.00006   0.00007
 56.554 Sa   47   3   0.00007   0.00005     0.00008  -0.00005
 56.554 Sa   48   3  -0.00001   0.00009    -0.00000  -0.00009
 56.554 Sa   49   3   0.00006   0.00007     0.00006  -0.00007
 56.554 Sa   50   3  -0.00005   0.00007    -0.00005  -0.00007
 56.554 Sa    4   4   0.00082  -0.00020     0.00071  -0.00047
 56.554 Sa    5   4   0.00055   0.00046     0.00030  -0.00065
 56.554 Sa    6   4  -0.00000  -0.00000    -0.00000   0.00000
 56.554 Sa    7   4   0.00000  -0.00000     0.00000  -0.00000
 56.554 Sa    8   4   0.00000   0.00000    -0.00004  -0.00048
 56.554 Sa    9   4  -0.00046  -0.00002    -0.00000  -0.00000
 56.554 Sa   10   4   0.00000   0.00000    -0.00000  -0.00000
 56.554 Sa   11   4  -0.00034  -0.00012    -0.00034   0.00010
 56.554 Sa   12   4   0.00033   0.00005     0.00027  -0.00018
 56.554 Sa   13   4  -0.00026  -0.00016    -0.00026   0.00015
 56.554 Sa   14   4  -0.00028  -0.00003    -0.00028  -0.00005
 56.554 Sa   15   4  -0.00014  -0.00023    -0.00006   0.00026
 56.554 Sa   16   4  -0.00000  -0.00000    -0.00000  -0.00000
 56.554 Sa   17   4  -0.00017  -0.00017    -0.00015   0.00019
 56.554 Sa   18   4  -0.00021   0.00007    -0.00017  -0.00015
 56.554 Sa   19   4  -0.00000  -0.00000    -0.00000   0.00000
 56.554 Sa   20   4  -0.00020   0.00003    -0.00016  -0.00012
 56.554 Sa   21   4   0.00000  -0.00000    -0.00000   0.00000
 56.554 Sa   22   4  -0.00019   0.00002    -0.00016  -0.00009
 56.554 Sa   23   4  -0.00000   0.00000    -0.00000   0.00000
 56.554 Sa   24   4  -0.00016   0.00006    -0.00013  -0.00011
 56.554 Sa   25   4  -0.00007  -0.00015    -0.00000   0.00000
 56.554 Sa   26   4   0.00000   0.00000     0.00000  -0.00000
 56.554 Sa   27   4  -0.00015   0.00004    -0.00015  -0.00003
 56.554 Sa   28   4   0.00000   0.00000     0.00010  -0.00011
 56.554 Sa   29   4  -0.00024  -0.00016    -0.00014   0.00003
 56.554 Sa   30   4   0.00014  -0.00003     0.00013   0.00003
 56.554 Sa   31   4  -0.00022   0.00016    -0.00011  -0.00008
 56.554 Sa   32   4   0.00007  -0.00011     0.00004   0.00012
 56.554 Sa   33   4   0.00000   0.00000     0.00000  -0.00000
 56.554 Sa   34   4   0.00000  -0.00000     0.00000  -0.00000
 56.554 Sa   35   4  -0.00003   0.00012    -0.00001  -0.00012
 56.554 Sa   36   4  -0.00003  -0.00011    -0.00004   0.00011
 56.554 Sa   37   4   0.00010  -0.00006     0.00009   0.00007
 56.554 Sa   38   4   0.00000   0.00000    -0.00000  -0.00000
 56.554 Sa   39   4   0.00011   0.00000     0.00010   0.00003
 56.554 Sa   40   4  -0.00000  -0.00000    -0.00000   0.00000
 56.554 Sa   41   4   0.00009  -0.00005     0.00008   0.00006
 56.554 Sa   42   4   0.00007   0.00007     0.00006  -0.00008
 56.554 Sa   43   4   0.00004   0.00009     0.00004  -0.00009
 56.554 Sa   44   4   0.00009   0.00002     0.00009  -0.00004
 56.554 Sa   45   4   0.00007   0.00006     0.00000  -0.00000
 56.554 Sa   46   4   0.00001   0.00009     0.00000  -0.00009
 56.554 Sa   47   4   0.00001   0.00009     0.00001  -0.00009
 56.554 Sa   48   4   0.00009   0.00000     0.00000   0.00000
 56.554 Sa   49   4   0.00000   0.00009     0.00000  -0.00009
 56.554 Sa   50   4  -0.00007   0.00004    -0.00007  -0.00004
 56.554 Sa    5   5  -0.00058   0.00042    -0.00071   0.00008
 56.554 Sa    6   5  -0.00000   0.00000    -0.00000   0.00000
 56.554 Sa    7   5   0.00000  -0.00000     0.00044   0.00031
 56.554 Sa    8   5  -0.00048  -0.00001    -0.00040   0.00025
 56.554 Sa    9   5   0.00000  -0.00000     0.00000   0.00000
 56.554 Sa   10   5   0.00000   0.00000     0.00000  -0.00000
 56.554 Sa   11   5   0.00000   0.00000     0.00000   0.00000
 56.554 Sa   12   5  -0.00000  -0.00000    -0.00009   0.00032
 56.554 Sa   13   5  -0.00027   0.00014    -0.00030   0.00005
 56.554 Sa   14   5  -0.00000   0.00000    -0.00000  -0.00000
 56.554 Sa   15   5  -0.00000   0.00000    -0.00000  -0.00000
 56.554 Sa   16   5  -0.00000   0.00000    -0.00000  -0.00000
 56.554 Sa   17   5  -0.00000   0.00000    -0.00000  -0.00000
 56.554 Sa   18   5   0.00000   0.00000     0.00000  -0.00000
 56.554 Sa   19   5  -0.00000   0.00000    -0.00000   0.00000
 56.554 Sa   20   5  -0.00020   0.00004    -0.00020  -0.00002
 56.554 Sa   21   5  -0.00016  -0.00011    -0.00017   0.00010
 56.554 Sa   22   5  -0.00000  -0.00000    -0.00000   0.00000
 56.554 Sa   23   5   0.00000  -0.00000     0.00004   0.00017
 56.554 Sa   24   5  -0.00012  -0.00012    -0.00000   0.00000
 56.554 Sa   25   5  -0.00011  -0.00013    -0.00012   0.00012
 56.554 Sa   26   5  -0.00000  -0.00000    -0.00000   0.00000
 56.554 Sa   27   5  -0.00000   0.00000    -0.00000  -0.00000
 56.554 Sa   28   5  -0.00008  -0.00012    -0.00010   0.00010
 56.554 Sa   29   5  -0.00009  -0.00011    -0.00010   0.00010
 56.554 Sa   30   5  -0.00000  -0.00014     0.00001   0.00014
 56.554 Sa   31   5  -0.00000   0.00000    -0.00000   0.00000
 56.554 Sa   32   5   0.00001  -0.00013     0.00001   0.00013
 56.554 Sa   33   5  -0.00007  -0.00011    -0.00008   0.00010
 56.554 Sa   34   5   0.00002  -0.00012     0.00003   0.00012
 56.554 Sa   35   5   0.00000  -0.00000     0.00000   0.00000
 56.554 Sa   36   5  -0.00004  -0.00011    -0.00003   0.00011
 56.554 Sa   37   5   0.00000   0.00000     0.00000  -0.00000
 56.554 Sa   38   5  -0.00000  -0.00000     0.00000   0.00000
 56.554 Sa   39   5   0.00009  -0.00006     0.00000   0.00000
 56.554 Sa   40   5  -0.00000   0.00000    -0.00000  -0.00000
 56.554 Sa   41   5  -0.00000   0.00000    -0.00000  -0.00000
 56.554 Sa   42   5   0.00002   0.00010     0.00003  -0.00009
 56.554 Sa   43   5  -0.00007  -0.00007    -0.00000   0.00000
 56.554 Sa   44   5   0.00009  -0.00003     0.00000   0.00000
 56.554 Sa   45   5  -0.00009   0.00002    -0.00009  -0.00001
 56.554 Sa   46   5   0.00000  -0.00000     0.00000   0.00000
 56.554 Sa   47   5  -0.00009  -0.00002    -0.00008   0.00004
 56.554 Sa   48   5   0.00004  -0.00008     0.00003   0.00008
 56.554 Sa   49   5  -0.00009  -0.00001    -0.00009   0.00001
 56.554 Sa   50   5   0.00005  -0.00007     0.00005   0.00007
 56.554 Sa    6   6   0.00059  -0.00018     0.00061  -0.00009
 56.554 Sa    7   6   0.00000   0.00000     0.00000  -0.00000
 56.554 Sa    8   6  -0.00044  -0.00018    -0.00047  -0.00009
 56.554 Sa    9   6   0.00000  -0.00000     0.00000  -0.00000
 56.554 Sa   10   6  -0.00000  -0.00000    -0.00000  -0.00000
 56.554 Sa   11   6   0.00000  -0.00000     0.00000  -0.00000
 56.554 Sa   12   6  -0.00000  -0.00000    -0.00028  -0.00017
 56.554 Sa   13   6  -0.00000   0.00000    -0.00000  -0.00000
 56.554 Sa   14   6   0.00027  -0.00008     0.00028  -0.00006
 56.554 Sa   15   6   0.00000  -0.00000     0.00000  -0.00000
 56.554 Sa   16   6  -0.00000   0.00000    -0.00000  -0.00000
 56.554 Sa   17   6   0.00000  -0.00000     0.00000   0.00000
 56.554 Sa   18   6   0.00000  -0.00000     0.00000  -0.00000
 56.554 Sa   19   6  -0.00000  -0.00000    -0.00000   0.00000
 56.554 Sa   20   6  -0.00000   0.00000    -0.00000  -0.00000
 56.554 Sa   21   6  -0.00000  -0.00000    -0.00015   0.00012
 56.554 Sa   22   6   0.00018   0.00003     0.00016  -0.00009
 56.554 Sa   23   6   0.00000  -0.00000     0.00009   0.00016
 56.554 Sa   24   6  -0.00000   0.00000     0.00003  -0.00017
 56.554 Sa   25   6  -0.00000  -0.00000     0.00000   0.00000
 56.554 Sa   26   6   0.00000   0.00000     0.00006  -0.00015
 56.554 Sa   27   6  -0.00000  -0.00000     0.00000   0.00000
 56.554 Sa   28   6  -0.00000  -0.00000     0.00000   0.00000
 56.554 Sa   29   6   0.00014   0.00005     0.00013   0.00005
 56.554 Sa   30   6  -0.00000   0.00000     0.00000  -0.00000
 56.554 Sa   31   6   0.00000   0.00000     0.00000  -0.00000
 56.554 Sa   32   6  -0.00000  -0.00013     0.00000   0.00000
 56.554 Sa   33   6   0.00008   0.00010     0.00009  -0.00009
 56.554 Sa   34   6  -0.00000  -0.00000     0.00000  -0.00000
 56.554 Sa   35   6   0.00004   0.00011     0.00003  -0.00011
 56.554 Sa   36   6  -0.00000  -0.00000    -0.00000   0.00000
 56.554 Sa   37   6   0.00006   0.00010     0.00006  -0.00010
 56.554 Sa   38   6   0.00004  -0.00010     0.00005   0.00010
 56.554 Sa   39   6  -0.00000   0.00000    -0.00000  -0.00000
 56.554 Sa   40   6  -0.00000  -0.00000     0.00002   0.00010
 56.554 Sa   41   6   0.00000  -0.00000     0.00005   0.00009
 56.554 Sa   42   6   0.00009  -0.00005     0.00000   0.00000
 56.554 Sa   43   6   0.00000  -0.00000     0.00000  -0.00000
 56.554 Sa   44   6   0.00000  -0.00000     0.00000   0.00000
 56.554 Sa   45   6   0.00000  -0.00000     0.00000   0.00000
 56.554 Sa   46   6   0.00000  -0.00000     0.00000   0.00000
 56.554 Sa   47   6   0.00009   0.00002     0.00009  -0.00000
 56.554 Sa   48   6   0.00009  -0.00000     0.00009  -0.00001
 56.554 Sa   49   6   0.00005   0.00007     0.00000  -0.00000
 56.554 Sa   50   6   0.00000   0.00000     0.00000  -0.00000
 56.554 Sa    7   7  -0.00047   0.00026    -0.00052   0.00013
 56.554 Sa    8   7  -0.00000  -0.00000    -0.00018   0.00044
 56.554 Sa    9   7   0.00000   0.00000     0.00000   0.00000
 56.554 Sa   10   7  -0.00038   0.00009    -0.00036   0.00015
 56.554 Sa   11   7   0.00033   0.00013     0.00036   0.00002
 56.554 Sa   12   7  -0.00000  -0.00000    -0.00010   0.00031
 56.554 Sa   13   7   0.00026   0.00016     0.00000  -0.00000
 56.554 Sa   14   7   0.00000   0.00000     0.00000  -0.00000
 56.554 Sa   15   7  -0.00000   0.00000    -0.00000   0.00000
 56.554 Sa   16   7   0.00000  -0.00000    -0.00000   0.00000
 56.554 Sa   17   7   0.00000   0.00000     0.00000   0.00000
 56.554 Sa   18   7  -0.00010   0.00020    -0.00000  -0.00000
 56.554 Sa   19   7   0.00000   0.00000     0.00000  -0.00000
 56.554 Sa   20   7   0.00000  -0.00000     0.00000   0.00000
 56.554 Sa   21   7   0.00000  -0.00000     0.00000   0.00000
 56.554 Sa   22   7  -0.00000   0.00000    -0.00000  -0.00000
 56.554 Sa   23   7  -0.00000   0.00000    -0.00000   0.00000
 56.554 Sa   24   7  -0.00000   0.00000     0.00000   0.00000
 56.554 Sa   25   7  -0.00000   0.00000    -0.00000  -0.00000
 56.554 Sa   26   7   0.00000   0.00000     0.00000  -0.00000
 56.554 Sa   27   7  -0.00015   0.00000    -0.00014   0.00006
 56.554 Sa   28   7   0.00000  -0.00000     0.00000   0.00000
 56.554 Sa   29   7  -0.00010   0.00010    -0.00000  -0.00000
 56.554 Sa   30   7   0.00000  -0.00000     0.00000  -0.00000
 56.554 Sa   31   7  -0.00000   0.00000    -0.00000  -0.00000
 56.554 Sa   32   7  -0.00000  -0.00000    -0.00011   0.00006
 56.554 Sa   33   7  -0.00001   0.00013    -0.00000  -0.00000
 56.554 Sa   34   7  -0.00000   0.00000    -0.00000  -0.00000
 56.554 Sa   35   7  -0.00000   0.00000    -0.00000  -0.00000
 56.554 Sa   36   7  -0.00010  -0.00006    -0.00010   0.00007
 56.554 Sa   37   7   0.00010   0.00005     0.00011  -0.00002
 56.554 Sa   38   7  -0.00011  -0.00001    -0.00011   0.00003
 56.554 Sa   39   7   0.00008   0.00008     0.00000  -0.00000
 56.554 Sa   40   7  -0.00010   0.00003    -0.00010  -0.00001
 56.554 Sa   41   7  -0.00000   0.00000     0.00000  -0.00000
 56.554 Sa   42   7  -0.00000   0.00000    -0.00000  -0.00000
 56.554 Sa   43   7  -0.00000   0.00000    -0.00000   0.00000
 56.554 Sa   44   7  -0.00000   0.00000    -0.00000  -0.00000
 56.554 Sa   45   7  -0.00000  -0.00000    -0.00000   0.00000
 56.554 Sa   46   7   0.00003   0.00008     0.00002  -0.00009
 56.554 Sa   47   7  -0.00009  -0.00002    -0.00009   0.00002
 56.554 Sa   48   7   0.00000   0.00000     0.00002  -0.00008
 56.554 Sa   49   7  -0.00000  -0.00000    -0.00000   0.00000
 56.554 Sa   50   7   0.00000   0.00000     0.00003  -0.00008
 56.554 Sa    8   8   0.00036  -0.00031     0.00045  -0.00016
 56.554 Sa    9   8   0.00000  -0.00000     0.00000  -0.00000
 56.554 Sa   10   8   0.00000  -0.00000     0.00000  -0.00000
 56.554 Sa   11   8   0.00000   0.00000     0.00000  -0.00000
 56.554 Sa   12   8  -0.00032  -0.00006    -0.00031  -0.00012
 56.554 Sa   13   8   0.00000  -0.00000     0.00000  -0.00000
 56.554 Sa   14   8  -0.00000  -0.00000    -0.00000   0.00000
 56.554 Sa   15   8  -0.00000  -0.00000    -0.00000  -0.00000
 56.554 Sa   16   8   0.00000   0.00000     0.00000  -0.00000
 56.554 Sa   17   8   0.00000  -0.00000     0.00000   0.00000
 56.554 Sa   18   8   0.00000  -0.00000     0.00000  -0.00000
 56.554 Sa   19   8   0.00000  -0.00000     0.00000  -0.00000
 56.554 Sa   20   8  -0.00000   0.00000    -0.00000  -0.00000
 56.554 Sa   21   8   0.00000  -0.00000     0.00000   0.00000
 56.554 Sa   22   8  -0.00000  -0.00000    -0.00000  -0.00000
 56.554 Sa   23   8  -0.00000  -0.00000    -0.00000   0.00000
 56.554 Sa   24   8   0.00000   0.00000     0.00000  -0.00000
 56.554 Sa   25   8   0.00000  -0.00000     0.00000   0.00000
 56.554 Sa   26   8   0.00000  -0.00000    -0.00000  -0.00000
 56.554 Sa   27   8  -0.00000  -0.00000    -0.00000   0.00000
 56.554 Sa   28   8   0.00000   0.00000     0.00000  -0.00000
 56.554 Sa   29   8  -0.00013  -0.00006    -0.00000  -0.00000
 56.554 Sa   30   8   0.00000  -0.00014    -0.00000   0.00000
 56.554 Sa   31   8  -0.00000   0.00000    -0.00000   0.00000
 56.554 Sa   32   8   0.00000   0.00000     0.00000  -0.00000
 56.554 Sa   33   8  -0.00000   0.00000    -0.00000  -0.00000
 56.554 Sa   34   8  -0.00005  -0.00011    -0.00000   0.00000
 56.554 Sa   35   8  -0.00000  -0.00000    -0.00000   0.00000
 56.554 Sa   36   8   0.00012  -0.00001     0.00012  -0.00001
 56.554 Sa   37   8  -0.00000   0.00000     0.00000  -0.00000
 56.554 Sa   38   8  -0.00000  -0.00000    -0.00000  -0.00000
 56.554 Sa   39   8   0.00000   0.00000     0.00000  -0.00000
 56.554 Sa   40   8   0.00000  -0.00000     0.00000   0.00000
 56.554 Sa   41   8   0.00000  -0.00000     0.00000  -0.00000
 56.554 Sa   42   8  -0.00000   0.00000    -0.00000   0.00000
 56.554 Sa   43   8   0.00000   0.00000     0.00000  -0.00000
 56.554 Sa   44   8   0.00000   0.00000     0.00000  -0.00000
 56.554 Sa   45   8   0.00000  -0.00000    -0.00000   0.00000
 56.554 Sa   46   8  -0.00000  -0.00000    -0.00000  -0.00000
 56.554 Sa   47   8   0.00000   0.00000    -0.00000  -0.00000
 56.554 Sa   48   8   0.00000   0.00000     0.00000   0.00000
 56.554 Sa   49   8  -0.00000   0.00000    -0.00000  -0.00000
 56.554 Sa   50   8  -0.00000  -0.00000    -0.00000  -0.00000
 56.554 Sa    9   9  -0.00046  -0.00004    -0.00042   0.00019
 56.554 Sa   10   9  -0.00000   0.00000    -0.00000  -0.00000
 56.554 Sa   11   9   0.00008   0.00035     0.00000  -0.00000
 56.554 Sa   12   9  -0.00000  -0.00000    -0.00022   0.00025
 56.554 Sa   13   9   0.00000  -0.00000     0.00000   0.00000
 56.554 Sa   14   9  -0.00000   0.00000    -0.00000   0.00000
 56.554 Sa   15   9   0.00025   0.00010     0.00027   0.00003
 56.554 Sa   16   9  -0.00000   0.00000    -0.00000   0.00000
 56.554 Sa   17   9  -0.00000   0.00000    -0.00000   0.00000
 56.554 Sa   18   9   0.00000   0.00000     0.00000   0.00000
 56.554 Sa   19   9   0.00000  -0.00000     0.00000   0.00000
 56.554 Sa   20   9  -0.00000  -0.00000    -0.00016   0.00013
 56.554 Sa   21   9  -0.00000  -0.00000    -0.00000   0.00000
 56.554 Sa   22   9  -0.00000   0.00000     0.00000   0.00000
 56.554 Sa   23   9   0.00000  -0.00000     0.00000   0.00000
 56.554 Sa   24   9   0.00000  -0.00000     0.00000   0.00000
 56.554 Sa   25   9  -0.00000  -0.00000     0.00000   0.00000
 56.554 Sa   26   9  -0.00000   0.00000    -0.00000  -0.00000
 56.554 Sa   27   9   0.00000  -0.00000     0.00000   0.00000
 56.554 Sa   28   9  -0.00000   0.00000    -0.00000  -0.00000
 56.554 Sa   29   9   0.00000  -0.00000     0.00010   0.00010
 56.554 Sa   30   9   0.00000   0.00000     0.00000   0.00000
 56.554 Sa   31   9   0.00000   0.00000     0.00000  -0.00000
 56.554 Sa   32   9  -0.00000   0.00000    -0.00000  -0.00000
 56.554 Sa   33   9   0.00000   0.00000     0.00000  -0.00000
 56.554 Sa   34   9  -0.00000   0.00000    -0.00000  -0.00000
 56.554 Sa   35   9   0.00000   0.00000     0.00000  -0.00000
 56.554 Sa   36   9  -0.00008   0.00008    -0.00000  -0.00000
 56.554 Sa   37   9   0.00000   0.00000     0.00000  -0.00000
 56.554 Sa   38   9  -0.00000   0.00000    -0.00000  -0.00000
 56.554 Sa   39   9  -0.00000   0.00000    -0.00000   0.00000
 56.554 Sa   40   9  -0.00000  -0.00000    -0.00000   0.00000
 56.554 Sa   41   9   0.00000   0.00010     0.00000  -0.00000
 56.554 Sa   42   9   0.00000   0.00000     0.00000   0.00000
 56.554 Sa   43   9  -0.00000   0.00000    -0.00000  -0.00000
 56.554 Sa   44   9  -0.00000  -0.00000    -0.00000   0.00000
 56.554 Sa   45   9   0.00000   0.00000     0.00000  -0.00000
 56.554 Sa   46   9   0.00000   0.00000     0.00000  -0.00000
 56.554 Sa   47   9   0.00000   0.00000    -0.00000  -0.00000
 56.554 Sa   48   9   0.00000   0.00000     0.00000  -0.00000
 56.554 Sa   49   9   0.00000   0.00000     0.00000  -0.00000
 56.554 Sa   50   9   0.00003   0.00008     0.00000  -0.00000
 56.554 Sa   10  10   0.00033  -0.00021     0.00039  -0.00005
 56.554 Sa   11  10   0.00000   0.00000     0.00000  -0.00000
 56.554 Sa   12  10   0.00000  -0.00000     0.00019  -0.00027
 56.554 Sa   13  10   0.00028  -0.00013     0.00000  -0.00000
 56.554 Sa   14  10  -0.00000  -0.00000    -0.00000   0.00000
 56.554 Sa   15  10   0.00000   0.00000     0.00000  -0.00000
 56.554 Sa   16  10  -0.00025  -0.00002    -0.00024  -0.00007
 56.554 Sa   17  10   0.00000  -0.00000     0.00000  -0.00000
 56.554 Sa   18  10   0.00000  -0.00000     0.00000  -0.00000
 56.554 Sa   19  10  -0.00000   0.00000    -0.00000  -0.00000
 56.554 Sa   20  10  -0.00000  -0.00000    -0.00000  -0.00000
 56.554 Sa   21  10   0.00000  -0.00000     0.00000   0.00000
 56.554 Sa   22  10   0.00000   0.00000     0.00000  -0.00000
 56.554 Sa   23  10  -0.00000  -0.00000    -0.00000   0.00000
 56.554 Sa   24  10  -0.00000   0.00000    -0.00000  -0.00000
 56.554 Sa   25  10  -0.00002  -0.00016    -0.00002   0.00016
 56.554 Sa   26  10  -0.00000   0.00000    -0.00000  -0.00000
 56.554 Sa   27  10  -0.00008  -0.00013    -0.00000   0.00000
 56.554 Sa   28  10   0.00000  -0.00000     0.00000   0.00000
 56.554 Sa   29  10   0.00006  -0.00013     0.00004   0.00014
 56.554 Sa   30  10   0.00000   0.00000     0.00003  -0.00014
 56.554 Sa   31  10  -0.00008  -0.00011    -0.00000   0.00000
 56.554 Sa   32  10   0.00000  -0.00000     0.00000  -0.00000
 56.554 Sa   33  10  -0.00000  -0.00000    -0.00005   0.00012
 56.554 Sa   34  10   0.00000   0.00000     0.00000  -0.00000
 56.554 Sa   35  10  -0.00000  -0.00000    -0.00000   0.00000
 56.554 Sa   36  10  -0.00000  -0.00000    -0.00000  -0.00000
 56.554 Sa   37  10  -0.00000  -0.00000    -0.00000   0.00000
 56.554 Sa   38  10  -0.00000  -0.00000     0.00000  -0.00000
 56.554 Sa   39  10  -0.00000   0.00000    -0.00000  -0.00000
 56.554 Sa   40  10   0.00000  -0.00000     0.00000   0.00000
 56.554 Sa   41  10  -0.00000   0.00000    -0.00000   0.00000
 56.554 Sa   42  10  -0.00000  -0.00000     0.00000  -0.00000
 56.554 Sa   43  10  -0.00000  -0.00000    -0.00000  -0.00000
 56.554 Sa   44  10   0.00000  -0.00000     0.00000  -0.00000
 56.554 Sa   45  10  -0.00000   0.00000    -0.00000  -0.00000
 56.554 Sa   46  10  -0.00000   0.00000     0.00000  -0.00000
 56.554 Sa   47  10  -0.00000  -0.00000    -0.00000   0.00000
 56.554 Sa   48  10   0.00000   0.00000     0.00000  -0.00000
 56.554 Sa   49  10  -0.00000   0.00000     0.00000  -0.00000
 56.554 Sa   50  10   0.00000   0.00000     0.00000  -0.00000
 56.554 Sa   11  11  -0.00032   0.00016    -0.00034   0.00010
 56.554 Sa   12  11  -0.00000  -0.00000    -0.00000   0.00000
 56.554 Sa   13  11  -0.00000   0.00000    -0.00000   0.00000
 56.554 Sa   14  11  -0.00000   0.00000    -0.00000   0.00000
 56.554 Sa   15  11   0.00000   0.00000     0.00000   0.00000
 56.554 Sa   16  11  -0.00000   0.00000    -0.00000   0.00000
 56.554 Sa   17  11   0.00000   0.00000     0.00000   0.00000
 56.554 Sa   18  11   0.00000   0.00000     0.00000   0.00000
 56.554 Sa   19  11   0.00000   0.00000     0.00000   0.00000
 56.554 Sa   20  11  -0.00000   0.00000    -0.00000   0.00000
 56.554 Sa   21  11  -0.00000   0.00000    -0.00000   0.00000
 56.554 Sa   22  11   0.00000   0.00000     0.00000   0.00000
 56.554 Sa   23  11   0.00000   0.00000     0.00000   0.00000
 56.554 Sa   24  11  -0.00000   0.00000    -0.00000   0.00000
 56.554 Sa   25  11  -0.00000   0.00000    -0.00000   0.00000
 56.554 Sa   26  11   0.00000  -0.00000     0.00000   0.00000
 56.554 Sa   27  11  -0.00000   0.00000    -0.00000   0.00000
 56.554 Sa   28  11   0.00000   0.00000     0.00000  -0.00000
 56.554 Sa   29  11  -0.00000   0.00000    -0.00000   0.00000
 56.554 Sa   30  11  -0.00000  -0.00000    -0.00000  -0.00000
 56.554 Sa   31  11  -0.00000  -0.00000    -0.00000   0.00000
 56.554 Sa   32  11   0.00000   0.00000     0.00000   0.00000
 56.554 Sa   33  11  -0.00000   0.00000    -0.00000   0.00000
 56.554 Sa   34  11   0.00000   0.00000     0.00000  -0.00000
 56.554 Sa   35  11  -0.00000   0.00000    -0.00000  -0.00000
 56.554 Sa   36  11  -0.00000   0.00000    -0.00000  -0.00000
 56.554 Sa   37  11   0.00000   0.00000     0.00010   0.00005
 56.554 Sa   38  11   0.00000   0.00000     0.00000  -0.00000
 56.554 Sa   39  11  -0.00000   0.00000    -0.00000  -0.00000
 56.554 Sa   40  11  -0.00000   0.00000    -0.00000  -0.00000
 56.554 Sa   41  11   0.00000   0.00000     0.00000   0.00000
 56.554 Sa   42  11  -0.00000   0.00000    -0.00000  -0.00000
 56.554 Sa   43  11  -0.00000   0.00000    -0.00000   0.00000
 56.554 Sa   44  11  -0.00000   0.00000    -0.00000   0.00000
 56.554 Sa   45  11   0.00000   0.00000     0.00000   0.00000
 56.554 Sa   46  11  -0.00000  -0.00000    -0.00000   0.00000
 56.554 Sa   47  11   0.00000   0.00000    -0.00000   0.00000
 56.554 Sa   48  11  -0.00000  -0.00000    -0.00000   0.00000
 56.554 Sa   49  11   0.00000   0.00000     0.00000   0.00000
 56.554 Sa   50  11  -0.00000  -0.00000    -0.00000   0.00000
 56.554 Sa   12  12   0.00032  -0.00008     0.00031  -0.00011
 56.554 Sa   13  12  -0.00000  -0.00000    -0.00000  -0.00000
 56.554 Sa   14  12   0.00000  -0.00000     0.00000  -0.00000
 56.554 Sa   15  12   0.00000   0.00000     0.00020  -0.00018
 56.554 Sa   16  12  -0.00000  -0.00000    -0.00000  -0.00000
 56.554 Sa   17  12   0.00000  -0.00000     0.00000  -0.00000
 56.554 Sa   18  12  -0.00022  -0.00006    -0.00022  -0.00002
 56.554 Sa   19  12   0.00000  -0.00000     0.00000  -0.00000
 56.554 Sa   20  12  -0.00000  -0.00000    -0.00000  -0.00000
 56.554 Sa   21  12  -0.00000  -0.00000    -0.00000   0.00000
 56.554 Sa   22  12  -0.00000  -0.00000    -0.00000   0.00000
 56.554 Sa   23  12  -0.00000  -0.00000     0.00000  -0.00000
 56.554 Sa   24  12   0.00000  -0.00000     0.00000  -0.00000
 56.554 Sa   25  12   0.00000  -0.00000     0.00000   0.00000
 56.554 Sa   26  12  -0.00000  -0.00000     0.00000   0.00000
 56.554 Sa   27  12  -0.00000  -0.00000    -0.00000  -0.00000
 56.554 Sa   28  12   0.00000  -0.00000     0.00000   0.00000
 56.554 Sa   29  12  -0.00000  -0.00000    -0.00000   0.00000
 56.554 Sa   30  12   0.00000  -0.00000     0.00000   0.00000
 56.554 Sa   31  12   0.00000   0.00000    -0.00000   0.00000
 56.554 Sa   32  12  -0.00000  -0.00000    -0.00000   0.00000
 56.554 Sa   33  12  -0.00000  -0.00000    -0.00000  -0.00000
 56.554 Sa   34  12   0.00000  -0.00000     0.00000  -0.00000
 56.554 Sa   35  12  -0.00000  -0.00000    -0.00000  -0.00000
 56.554 Sa   36  12  -0.00000   0.00000     0.00000  -0.00000
 56.554 Sa   37  12  -0.00000   0.00000    -0.00000   0.00000
 56.554 Sa   38  12  -0.00000   0.00000    -0.00000  -0.00000
 56.554 Sa   39  12   0.00000  -0.00000    -0.00000   0.00000
 56.554 Sa   40  12  -0.00000   0.00000    -0.00000  -0.00000
 56.554 Sa   41  12  -0.00000  -0.00000     0.00000   0.00000
 56.554 Sa   42  12  -0.00000   0.00000    -0.00000  -0.00000
 56.554 Sa   43  12  -0.00000  -0.00000    -0.00000   0.00000
 56.554 Sa   44  12  -0.00000   0.00000    -0.00000  -0.00000
 56.554 Sa   45  12   0.00000  -0.00000     0.00000   0.00000
 56.554 Sa   46  12   0.00000   0.00000     0.00000  -0.00000
 56.554 Sa   47  12  -0.00000   0.00000    -0.00000  -0.00000
 56.554 Sa   48  12   0.00000   0.00000     0.00000  -0.00000
 56.554 Sa   49  12   0.00000   0.00000     0.00000  -0.00000
 56.554 Sa   50  12   0.00000  -0.00000     0.00000  -0.00000
 56.554 Sa   13  13  -0.00024   0.00019    -0.00030   0.00006
 56.554 Sa   14  13   0.00000  -0.00000     0.00000   0.00000
 56.554 Sa   15  13  -0.00000   0.00000    -0.00000   0.00000
 56.554 Sa   16  13  -0.00000   0.00000    -0.00000   0.00000
 56.554 Sa   17  13   0.00000   0.00000    -0.00000   0.00000
 56.554 Sa   18  13  -0.00000   0.00000    -0.00000   0.00000
 56.554 Sa   19  13   0.00019   0.00010     0.00021  -0.00004
 56.554 Sa   20  13  -0.00000   0.00000    -0.00000   0.00000
 56.554 Sa   21  13  -0.00000  -0.00000    -0.00000   0.00000
 56.554 Sa   22  13   0.00000  -0.00000     0.00000   0.00000
 56.554 Sa   23  13   0.00000   0.00000     0.00000   0.00000
 56.554 Sa   24  13   0.00000   0.00000     0.00000  -0.00000
 56.554 Sa   25  13  -0.00000  -0.00000    -0.00000   0.00000
 56.554 Sa   26  13  -0.00000  -0.00000    -0.00012   0.00011
 56.554 Sa   27  13   0.00000   0.00000     0.00000  -0.00000
 56.554 Sa   28  13   0.00000  -0.00000     0.00000   0.00000
 56.554 Sa   29  13   0.00000  -0.00000    -0.00000   0.00000
 56.554 Sa   30  13  -0.00000   0.00000    -0.00000   0.00000
 56.554 Sa   31  13   0.00000   0.00000     0.00000  -0.00000
 56.554 Sa   32  13  -0.00000  -0.00000    -0.00000   0.00000
 56.554 Sa   33  13   0.00000  -0.00000     0.00000   0.00000
 56.554 Sa   34  13  -0.00000   0.00000    -0.00000   0.00000
 56.554 Sa   35  13   0.00000   0.00000     0.00000   0.00000
 56.554 Sa   36  13   0.00000   0.00000     0.00000   0.00000
 56.554 Sa   37  13   0.00000   0.00000    -0.00000   0.00000
 56.554 Sa   38  13   0.00000  -0.00000     0.00000   0.00000
 56.554 Sa   39  13   0.00000   0.00000     0.00000   0.00000
 56.554 Sa   40  13  -0.00000  -0.00000    -0.00000   0.00000
 56.554 Sa   41  13   0.00000  -0.00000     0.00000   0.00000
 56.554 Sa   42  13   0.00000   0.00000     0.00000  -0.00000
 56.554 Sa   43  13   0.00000  -0.00000     0.00000   0.00000
 56.554 Sa   44  13  -0.00000   0.00000    -0.00000  -0.00000
 56.554 Sa   45  13   0.00000   0.00000    -0.00000   0.00000
 56.554 Sa   46  13   0.00000   0.00000     0.00000  -0.00000
 56.554 Sa   47  13   0.00000   0.00000    -0.00000   0.00000
 56.554 Sa   48  13   0.00000   0.00000     0.00000   0.00000
 56.554 Sa   49  13  -0.00000   0.00000    -0.00000  -0.00000
 56.554 Sa   50  13   0.00000   0.00000     0.00000  -0.00000
 56.554 Sa   14  14   0.00028  -0.00006     0.00025  -0.00014
 56.554 Sa   15  14  -0.00000  -0.00000    -0.00000   0.00000
 56.554 Sa   16  14   0.00000  -0.00000     0.00000  -0.00000
 56.554 Sa   17  14   0.00000   0.00000     0.00000  -0.00000
 56.554 Sa   18  14  -0.00000  -0.00000     0.00000  -0.00000
 56.554 Sa   19  14   0.00000  -0.00000     0.00000   0.00000
 56.554 Sa   20  14  -0.00000  -0.00000    -0.00000  -0.00000
 56.554 Sa   21  14   0.00000   0.00000     0.00000  -0.00000
 56.554 Sa   22  14  -0.00000  -0.00000    -0.00000  -0.00000
 56.554 Sa   23  14   0.00000  -0.00000     0.00000  -0.00000
 56.554 Sa   24  14  -0.00000  -0.00000    -0.00000  -0.00000
 56.554 Sa   25  14  -0.00000  -0.00000    -0.00000  -0.00000
 56.554 Sa   26  14  -0.00000  -0.00000    -0.00000   0.00000
 56.554 Sa   27  14   0.00000  -0.00000     0.00000  -0.00000
 56.554 Sa   28  14  -0.00000  -0.00000    -0.00000  -0.00000
 56.554 Sa   29  14  -0.00000   0.00000     0.00000  -0.00000
 56.554 Sa   30  14  -0.00000  -0.00000    -0.00000  -0.00000
 56.554 Sa   31  14  -0.00000  -0.00000    -0.00000  -0.00000
 56.554 Sa   32  14  -0.00000   0.00000    -0.00000  -0.00000
 56.554 Sa   33  14   0.00009   0.00009     0.00000   0.00000
 56.554 Sa   34  14  -0.00000   0.00000    -0.00000  -0.00000
 56.554 Sa   35  14   0.00000  -0.00000     0.00000  -0.00000
 56.554 Sa   36  14  -0.00000  -0.00000    -0.00000  -0.00000
 56.554 Sa   37  14   0.00000  -0.00000     0.00000  -0.00000
 56.554 Sa   38  14  -0.00000   0.00000    -0.00000  -0.00000
 56.554 Sa   39  14   0.00000   0.00000     0.00000  -0.00000
 56.554 Sa   40  14  -0.00010   0.00000    -0.00010  -0.00002
 56.554 Sa   41  14   0.00000  -0.00000     0.00000   0.00000
 56.554 Sa   42  14  -0.00000  -0.00000    -0.00000  -0.00000
 56.554 Sa   43  14  -0.00000   0.00000    -0.00000  -0.00000
 56.554 Sa   44  14  -0.00000  -0.00000    -0.00000   0.00000
 56.554 Sa   45  14   0.00000   0.00000     0.00000   0.00000
 56.554 Sa   46  14  -0.00000  -0.00000     0.00000   0.00000
 56.554 Sa   47  14   0.00000  -0.00000     0.00000   0.00000
 56.554 Sa   48  14  -0.00000  -0.00000    -0.00000   0.00000
 56.554 Sa   49  14   0.00000  -0.00000     0.00000   0.00000
 56.554 Sa   50  14   0.00000  -0.00000     0.00000  -0.00000
 56.554 Sa   15  15  -0.00026   0.00004    -0.00024   0.00011
 56.554 Sa   16  15   0.00000  -0.00000     0.00000   0.00000
 56.554 Sa   17  15  -0.00000   0.00000    -0.00000   0.00000
 56.554 Sa   18  15  -0.00000   0.00000    -0.00000   0.00000
 56.554 Sa   19  15  -0.00000   0.00000    -0.00000   0.00000
 56.554 Sa   20  15  -0.00000   0.00000    -0.00000   0.00000
 56.554 Sa   21  15   0.00019   0.00005     0.00019   0.00002
 56.554 Sa   22  15  -0.00000   0.00000    -0.00000   0.00000
 56.554 Sa   23  15   0.00000  -0.00000     0.00000   0.00000
 56.554 Sa   24  15   0.00000  -0.00000     0.00000   0.00000
 56.554 Sa   25  15   0.00000   0.00000     0.00000   0.00000
 56.554 Sa   26  15   0.00000   0.00000    -0.00000   0.00000
 56.554 Sa   27  15   0.00000   0.00000     0.00000   0.00000
 56.554 Sa   28  15  -0.00000   0.00000    -0.00000   0.00000
 56.554 Sa   29  15   0.00000   0.00000     0.00000  -0.00000
 56.554 Sa   30  15  -0.00000   0.00000    -0.00000  -0.00000
 56.554 Sa   31  15   0.00000   0.00000     0.00000   0.00000
 56.554 Sa   32  15   0.00000   0.00000     0.00000   0.00000
 56.554 Sa   33  15   0.00000   0.00000     0.00000  -0.00000
 56.554 Sa   34  15  -0.00000  -0.00000    -0.00000  -0.00000
 56.554 Sa   35  15   0.00000  -0.00000     0.00000   0.00000
 56.554 Sa   36  15  -0.00000   0.00000    -0.00000  -0.00000
 56.554 Sa   37  15   0.00000   0.00000     0.00000   0.00000
 56.554 Sa   38  15  -0.00000   0.00000    -0.00000   0.00000
 56.554 Sa   39  15   0.00000  -0.00000     0.00000   0.00000
 56.554 Sa   40  15  -0.00000  -0.00000    -0.00000   0.00000
 56.554 Sa   41  15   0.00000  -0.00000    -0.00000   0.00000
 56.554 Sa   42  15  -0.00000  -0.00000    -0.00000   0.00000
 56.554 Sa   43  15   0.00000  -0.00000     0.00000   0.00000
 56.554 Sa   44  15  -0.00000   0.00000    -0.00000   0.00000
 56.554 Sa   45  15  -0.00000  -0.00000    -0.00000   0.00000
 56.554 Sa   46  15  -0.00000  -0.00000     0.00000   0.00000
 56.554 Sa   47  15   0.00000  -0.00000     0.00000   0.00000
 56.554 Sa   48  15  -0.00000  -0.00000    -0.00000   0.00000
 56.554 Sa   49  15  -0.00000   0.00000    -0.00000   0.00000
 56.554 Sa   50  15   0.00000   0.00000     0.00000  -0.00000
 56.554 Sa   16  16   0.00023  -0.00011     0.00022  -0.00012
 56.554 Sa   17  16  -0.00000  -0.00000    -0.00000  -0.00000
 56.554 Sa   18  16   0.00000  -0.00000     0.00000  -0.00000
 56.554 Sa   19  16   0.00000  -0.00000     0.00000  -0.00000
 56.554 Sa   20  16   0.00000  -0.00000     0.00000  -0.00000
 56.554 Sa   21  16   0.00000  -0.00000     0.00000  -0.00000
 56.554 Sa   22  16  -0.00000  -0.00000    -0.00000   0.00000
 56.554 Sa   23  16   0.00000  -0.00000     0.00000  -0.00000
 56.554 Sa   24  16  -0.00000   0.00000    -0.00000  -0.00000
 56.554 Sa   25  16  -0.00000  -0.00000    -0.00000  -0.00000
 56.554 Sa   26  16  -0.00000  -0.00000    -0.00000   0.00000
 56.554 Sa   27  16  -0.00000  -0.00000    -0.00000  -0.00000
 56.554 Sa   28  16   0.00000   0.00000     0.00000  -0.00000
 56.554 Sa   29  16   0.00000  -0.00000     0.00000  -0.00000
 56.554 Sa   30  16  -0.00000  -0.00000    -0.00000  -0.00000
 56.554 Sa   31  16   0.00000   0.00000     0.00000  -0.00000
 56.554 Sa   32  16   0.00000   0.00000     0.00000  -0.00000
 56.554 Sa   33  16  -0.00000  -0.00000    -0.00000  -0.00000
 56.554 Sa   34  16  -0.00000  -0.00000    -0.00000   0.00000
 56.554 Sa   35  16   0.00000   0.00000    -0.00000   0.00000
 56.554 Sa   36  16   0.00000   0.00000     0.00000   0.00000
 56.554 Sa   37  16   0.00000   0.00000     0.00000  -0.00000
 56.554 Sa   38  16  -0.00000  -0.00000    -0.00000  -0.00000
 56.554 Sa   39  16  -0.00000  -0.00000    -0.00000   0.00000
 56.554 Sa   40  16   0.00000  -0.00000     0.00000  -0.00000
 56.554 Sa   41  16  -0.00000  -0.00000    -0.00000  -0.00000
 56.554 Sa   42  16  -0.00000   0.00000    -0.00000  -0.00000
 56.554 Sa   43  16   0.00000  -0.00000     0.00000   0.00000
 56.554 Sa   44  16  -0.00000  -0.00000    -0.00000   0.00000
 56.554 Sa   45  16  -0.00000   0.00000    -0.00000  -0.00000
 56.554 Sa   46  16  -0.00000   0.00000    -0.00000  -0.00000
 56.554 Sa   47  16   0.00000   0.00000     0.00000  -0.00000
 56.554 Sa   48  16  -0.00000  -0.00000    -0.00000   0.00000
 56.554 Sa   49  16  -0.00000   0.00000    -0.00000  -0.00000
 56.554 Sa   50  16  -0.00000   0.00000    -0.00000  -0.00000
 56.554 Sa   17  17  -0.00023   0.00006    -0.00022   0.00008
 56.554 Sa   18  17   0.00000   0.00000     0.00000  -0.00000
 56.554 Sa   19  17  -0.00000   0.00000    -0.00000   0.00000
 56.554 Sa   20  17  -0.00000   0.00000    -0.00000   0.00000
 56.554 Sa   21  17  -0.00000   0.00000    -0.00000   0.00000
 56.554 Sa   22  17  -0.00000   0.00000    -0.00000   0.00000
 56.554 Sa   23  17   0.00000   0.00000     0.00000   0.00000
 56.554 Sa   24  17  -0.00000   0.00000    -0.00000  -0.00000
 56.554 Sa   25  17   0.00000   0.00000     0.00000  -0.00000
 56.554 Sa   26  17   0.00000  -0.00000     0.00000   0.00000
 56.554 Sa   27  17   0.00000   0.00000     0.00000   0.00000
 56.554 Sa   28  17   0.00000   0.00000    -0.00000   0.00000
 56.554 Sa   29  17   0.00000   0.00000     0.00000  -0.00000
 56.554 Sa   30  17   0.00000   0.00000     0.00000   0.00000
 56.554 Sa   31  17   0.00000   0.00000     0.00000   0.00000
 56.554 Sa   32  17  -0.00000  -0.00000    -0.00000   0.00000
 56.554 Sa   33  17   0.00000   0.00000     0.00000   0.00000
 56.554 Sa   34  17   0.00000   0.00000     0.00008   0.00009
 56.554 Sa   35  17  -0.00000   0.00000    -0.00000   0.00000
 56.554 Sa   36  17  -0.00000  -0.00000    -0.00000  -0.00000
 56.554 Sa   37  17   0.00000  -0.00000     0.00000   0.00000
 56.554 Sa   38  17  -0.00000  -0.00000    -0.00000   0.00000
 56.554 Sa   39  17  -0.00000   0.00000    -0.00000   0.00000
 56.554 Sa   40  17  -0.00007   0.00008    -0.00000  -0.00000
 56.554 Sa   41  17   0.00000  -0.00000     0.00000   0.00000
 56.554 Sa   42  17   0.00000   0.00000     0.00000   0.00000
 56.554 Sa   43  17  -0.00000  -0.00000    -0.00000   0.00000
 56.554 Sa   44  17  -0.00000   0.00000    -0.00000  -0.00000
 56.554 Sa   45  17   0.00000   0.00000     0.00000   0.00000
 56.554 Sa   46  17   0.00000   0.00000    -0.00000   0.00000
 56.554 Sa   47  17  -0.00000   0.00000    -0.00000   0.00000
 56.554 Sa   48  17  -0.00000   0.00000    -0.00000  -0.00000
 56.554 Sa   49  17  -0.00000  -0.00000    -0.00000   0.00000
 56.554 Sa   50  17   0.00000  -0.00000     0.00000   0.00000
 56.554 Sa   18  18   0.00016  -0.00016     0.00022   0.00005
 56.554 Sa   19  18  -0.00000   0.00000    -0.00000  -0.00000
 56.554 Sa   20  18   0.00000  -0.00000     0.00000  -0.00000
 56.554 Sa   21  18   0.00003  -0.00019     0.00000   0.00000
 56.554 Sa   22  18   0.00000  -0.00000     0.00000   0.00000
 56.554 Sa   23  18   0.00000   0.00000     0.00015  -0.00010
 56.554 Sa   24  18  -0.00000   0.00000    -0.00000  -0.00000
 56.554 Sa   25  18   0.00000  -0.00000     0.00000   0.00000
 56.554 Sa   26  18  -0.00000  -0.00000    -0.00000  -0.00000
 56.554 Sa   27  18  -0.00000   0.00000    -0.00000  -0.00000
 56.554 Sa   28  18  -0.00000  -0.00000    -0.00000  -0.00000
 56.554 Sa   29  18  -0.00000   0.00000    -0.00000  -0.00000
 56.554 Sa   30  18   0.00000  -0.00000     0.00000  -0.00000
 56.554 Sa   31  18   0.00000   0.00000     0.00000  -0.00000
 56.554 Sa   32  18  -0.00000  -0.00000    -0.00000   0.00000
 56.554 Sa   33  18  -0.00000  -0.00000    -0.00000   0.00000
 56.554 Sa   34  18  -0.00000   0.00000    -0.00000  -0.00000
 56.554 Sa   35  18  -0.00000  -0.00000    -0.00000  -0.00000
 56.554 Sa   36  18   0.00000  -0.00000    -0.00000  -0.00000
 56.554 Sa   37  18  -0.00000  -0.00000    -0.00000   0.00000
 56.554 Sa   38  18  -0.00000  -0.00000    -0.00000   0.00000
 56.554 Sa   39  18  -0.00000   0.00000    -0.00000   0.00000
 56.554 Sa   40  18  -0.00000   0.00000    -0.00000  -0.00000
 56.554 Sa   41  18  -0.00000  -0.00000    -0.00000   0.00000
 56.554 Sa   42  18   0.00000  -0.00000     0.00000  -0.00000
 56.554 Sa   43  18  -0.00010  -0.00001    -0.00000  -0.00000
 56.554 Sa   44  18   0.00000  -0.00000     0.00000  -0.00000
 56.554 Sa   45  18  -0.00000  -0.00000    -0.00000   0.00000
 56.554 Sa   46  18   0.00000  -0.00000     0.00000  -0.00000
 56.554 Sa   47  18  -0.00000  -0.00000    -0.00000  -0.00000
 56.554 Sa   48  18   0.00000   0.00000     0.00000  -0.00000
 56.554 Sa   49  18  -0.00008  -0.00004    -0.00000   0.00000
 56.554 Sa   50  18   0.00000  -0.00000     0.00000  -0.00000
 56.554 Sa   19  19  -0.00018   0.00012    -0.00021  -0.00001
 56.554 Sa   20  19   0.00000   0.00000    -0.00000  -0.00000
 56.554 Sa   21  19  -0.00000   0.00000    -0.00000   0.00000
 56.554 Sa   22  19  -0.00000  -0.00000    -0.00000   0.00000
 56.554 Sa   23  19  -0.00000   0.00000    -0.00000   0.00000
 56.554 Sa   24  19  -0.00015   0.00008    -0.00017  -0.00003
 56.554 Sa   25  19   0.00000  -0.00000     0.00000   0.00000
 56.554 Sa   26  19  -0.00000  -0.00000    -0.00000   0.00000
 56.554 Sa   27  19   0.00015  -0.00003     0.00015   0.00004
 56.554 Sa   28  19  -0.00000   0.00000    -0.00000  -0.00000
 56.554 Sa   29  19   0.00000   0.00000     0.00000   0.00000
 56.554 Sa   30  19   0.00000   0.00000     0.00000   0.00000
 56.554 Sa   31  19   0.00000   0.00000     0.00000  -0.00000
 56.554 Sa   32  19  -0.00000   0.00000    -0.00000  -0.00000
 56.554 Sa   33  19   0.00000   0.00000     0.00000   0.00000
 56.554 Sa   34  19  -0.00000   0.00000    -0.00000  -0.00000
 56.554 Sa   35  19   0.00000   0.00000    -0.00000  -0.00000
 56.554 Sa   36  19  -0.00000   0.00000     0.00000   0.00000
 56.554 Sa   37  19   0.00000   0.00000     0.00000   0.00000
 56.554 Sa   38  19   0.00000   0.00000     0.00000   0.00000
 56.554 Sa   39  19  -0.00000   0.00000    -0.00000  -0.00000
 56.554 Sa   40  19  -0.00000  -0.00000    -0.00000   0.00000
 56.554 Sa   41  19   0.00000  -0.00000     0.00000   0.00000
 56.554 Sa   42  19  -0.00000   0.00000    -0.00000   0.00000
 56.554 Sa   43  19  -0.00001   0.00010    -0.00000  -0.00000
 56.554 Sa   44  19  -0.00000   0.00000    -0.00000   0.00000
 56.554 Sa   45  19   0.00000   0.00000     0.00000  -0.00000
 56.554 Sa   46  19  -0.00008  -0.00004    -0.00000   0.00000
 56.554 Sa   47  19  -0.00000   0.00000    -0.00000  -0.00000
 56.554 Sa   48  19  -0.00000  -0.00000    -0.00004   0.00008
 56.554 Sa   49  19  -0.00000   0.00000    -0.00000  -0.00000
 56.554 Sa   50  19   0.00000   0.00000     0.00000   0.00000
 56.554 Sa   20  20   0.00020  -0.00003     0.00019  -0.00007
 56.554 Sa   21  20  -0.00000   0.00000    -0.00000  -0.00000
 56.554 Sa   22  20  -0.00000  -0.00000    -0.00000  -0.00000
 56.554 Sa   23  20  -0.00000  -0.00000    -0.00000  -0.00000
 56.554 Sa   24  20   0.00000  -0.00000     0.00000  -0.00000
 56.554 Sa   25  20   0.00000   0.00000     0.00003  -0.00016
 56.554 Sa   26  20  -0.00000   0.00000     0.00000  -0.00000
 56.554 Sa   27  20   0.00011  -0.00011     0.00013   0.00009
 56.554 Sa   28  20  -0.00008  -0.00012    -0.00009   0.00012
 56.554 Sa   29  20  -0.00014   0.00001    -0.00012  -0.00007
 56.554 Sa   30  20  -0.00009   0.00011    -0.00006  -0.00013
 56.554 Sa   31  20  -0.00000   0.00000     0.00000  -0.00000
 56.554 Sa   32  20   0.00000  -0.00000     0.00000   0.00000
 56.554 Sa   33  20  -0.00005  -0.00012    -0.00000   0.00000
 56.554 Sa   34  20  -0.00000   0.00000    -0.00000  -0.00000
 56.554 Sa   35  20   0.00000   0.00000     0.00000  -0.00000
 56.554 Sa   36  20  -0.00012   0.00000    -0.00000  -0.00000
 56.554 Sa   37  20  -0.00000  -0.00000    -0.00000  -0.00000
 56.554 Sa   38  20   0.00000  -0.00000     0.00000   0.00000
 56.554 Sa   39  20  -0.00002  -0.00011    -0.00000   0.00000
 56.554 Sa   40  20  -0.00000   0.00000    -0.00010  -0.00003
 56.554 Sa   41  20  -0.00001   0.00010     0.00000  -0.00000
 56.554 Sa   42  20   0.00000   0.00000     0.00000   0.00000
 56.554 Sa   43  20  -0.00000  -0.00000    -0.00003   0.00009
 56.554 Sa   44  20  -0.00009   0.00001    -0.00008  -0.00005
 56.554 Sa   45  20  -0.00000   0.00000    -0.00000  -0.00000
 56.554 Sa   46  20   0.00009  -0.00002     0.00009   0.00002
 56.554 Sa   47  20  -0.00000  -0.00000    -0.00004   0.00008
 56.554 Sa   48  20  -0.00008   0.00004    -0.00007  -0.00006
 56.554 Sa   49  20  -0.00000   0.00000     0.00000  -0.00000
 56.554 Sa   50  20   0.00000   0.00000     0.00006  -0.00006
 56.554 Sa   21  21  -0.00008   0.00038    -0.00005  -0.00019
 56.554 Sa   22  21  -0.00000   0.00000    -0.00017  -0.00007
 56.554 Sa   23  21  -0.00015   0.00010    -0.00017  -0.00005
 56.554 Sa   24  21   0.00006   0.00016     0.00008  -0.00015
 56.554 Sa   25  21   0.00000  -0.00000     0.00000   0.00000
 56.554 Sa   26  21  -0.00005  -0.00015    -0.00004   0.00015
 56.554 Sa   27  21  -0.00015  -0.00004    -0.00014   0.00005
 56.554 Sa   28  21  -0.00005   0.00014    -0.00004  -0.00014
 56.554 Sa   29  21   0.00000   0.00000     0.00000  -0.00000
 56.554 Sa   30  21   0.00000   0.00000     0.00000   0.00000
 56.554 Sa   31  21   0.00000  -0.00000     0.00000   0.00000
 56.554 Sa   32  21  -0.00000   0.00000    -0.00000  -0.00000
 56.554 Sa   33  21  -0.00000  -0.00000    -0.00004   0.00012
 56.554 Sa   34  21   0.00000   0.00000    -0.00000   0.00000
 56.554 Sa   35  21   0.00008   0.00009     0.00009  -0.00008
 56.554 Sa   36  21  -0.00011   0.00002    -0.00009  -0.00008
 56.554 Sa   37  21   0.00000   0.00000    -0.00000  -0.00000
 56.554 Sa   38  21  -0.00000  -0.00000    -0.00001   0.00011
 56.554 Sa   39  21   0.00007   0.00009     0.00000   0.00000
 56.554 Sa   40  21   0.00000   0.00000     0.00000  -0.00000
 56.554 Sa   41  21  -0.00000   0.00000    -0.00000   0.00000
 56.554 Sa   42  21  -0.00000   0.00000    -0.00000  -0.00000
 56.554 Sa   43  21   0.00005   0.00009     0.00005  -0.00008
 56.554 Sa   44  21   0.00000   0.00000     0.00000  -0.00000
 56.554 Sa   45  21   0.00000   0.00000     0.00000   0.00000
 56.554 Sa   46  21  -0.00004  -0.00008    -0.00004   0.00008
 56.554 Sa   47  21  -0.00003   0.00008    -0.00004  -0.00008
 56.554 Sa   48  21   0.00003   0.00008     0.00003  -0.00008
 56.554 Sa   49  21   0.00008   0.00003     0.00009  -0.00000
 56.554 Sa   50  21  -0.00002  -0.00008    -0.00002   0.00008
 56.554 Sa   22  22   0.00016  -0.00009     0.00016  -0.00009
 56.554 Sa   23  22   0.00017  -0.00004     0.00017   0.00004
 56.554 Sa   24  22   0.00034  -0.00007     0.00034  -0.00002
 56.554 Sa   25  22  -0.00002  -0.00016    -0.00004   0.00016
 56.554 Sa   26  22  -0.00016  -0.00002    -0.00016  -0.00003
 56.554 Sa   27  22   0.00011   0.00011     0.00012  -0.00010
 56.554 Sa   28  22   0.00015  -0.00001     0.00015   0.00001
 56.554 Sa   29  22  -0.00014  -0.00002    -0.00013  -0.00005
 56.554 Sa   30  22  -0.00013   0.00005    -0.00013  -0.00006
 56.554 Sa   31  22   0.00013  -0.00004     0.00013   0.00004
 56.554 Sa   32  22   0.00003  -0.00013     0.00001   0.00013
 56.554 Sa   33  22  -0.00012   0.00005    -0.00022  -0.00012
 56.554 Sa   34  22   0.00000   0.00000     0.00003  -0.00012
 56.554 Sa   35  22   0.00004  -0.00011     0.00008   0.00009
 56.554 Sa   36  22  -0.00009  -0.00007    -0.00010   0.00006
 56.554 Sa   37  22  -0.00000   0.00000    -0.00000  -0.00000
 56.554 Sa   38  22   0.00008  -0.00008     0.00008   0.00008
 56.554 Sa   39  22   0.00001  -0.00011     0.00000   0.00000
 56.554 Sa   40  22  -0.00010   0.00001    -0.00008  -0.00007
 56.554 Sa   41  22  -0.00000   0.00000    -0.00006  -0.00008
 56.554 Sa   42  22   0.00006  -0.00008     0.00007   0.00007
 56.554 Sa   43  22  -0.00006  -0.00007    -0.00005   0.00009
 56.554 Sa   44  22  -0.00005   0.00008    -0.00005  -0.00008
 56.554 Sa   45  22   0.00009   0.00001     0.00009  -0.00001
 56.554 Sa   46  22  -0.00000  -0.00009     0.00001   0.00009
 56.554 Sa   47  22  -0.00006  -0.00007    -0.00006   0.00007
 56.554 Sa   48  22  -0.00000   0.00000    -0.00009   0.00001
 56.554 Sa   49  22  -0.00005  -0.00007    -0.00007   0.00006
 56.554 Sa   50  22  -0.00000  -0.00000     0.00000  -0.00000
 56.554 Sa   23  23  -0.00032   0.00017    -0.00036  -0.00003
 56.554 Sa   24  23   0.00041   0.00031     0.00045  -0.00024
 56.554 Sa   25  23  -0.00025  -0.00021    -0.00033   0.00036
 56.554 Sa   26  23  -0.00024  -0.00021    -0.00033   0.00034
 56.554 Sa   27  23   0.00009  -0.00013     0.00005   0.00015
 56.554 Sa   28  23  -0.00016   0.00025    -0.00018  -0.00023
 56.554 Sa   29  23   0.00007   0.00042     0.00009  -0.00042
 56.554 Sa   30  23   0.00028   0.00001     0.00027   0.00007
 56.554 Sa   31  23  -0.00010  -0.00025    -0.00013   0.00023
 56.554 Sa   32  23  -0.00017   0.00020    -0.00019  -0.00017
 56.554 Sa   33  23   0.00038   0.00001     0.00025  -0.00000
 56.554 Sa   34  23   0.00003  -0.00012     0.00008   0.00023
 56.554 Sa   35  23  -0.00011   0.00005    -0.00012   0.00000
 56.554 Sa   36  23  -0.00002   0.00023    -0.00003  -0.00011
 56.554 Sa   37  23   0.00033   0.00007     0.00022  -0.00006
 56.554 Sa   38  23  -0.00006  -0.00021    -0.00004   0.00010
 56.554 Sa   39  23  -0.00005   0.00010    -0.00003  -0.00010
 56.554 Sa   40  23   0.00010   0.00002     0.00010  -0.00000
 56.554 Sa   41  23   0.00010  -0.00004     0.00006   0.00008
 56.554 Sa   42  23   0.00007  -0.00007     0.00004   0.00009
 56.554 Sa   43  23  -0.00014   0.00014    -0.00015  -0.00013
 56.554 Sa   44  23   0.00007   0.00007     0.00005  -0.00008
 56.554 Sa   45  23  -0.00003  -0.00009    -0.00003   0.00009
 56.554 Sa   46  23   0.00000   0.00000     0.00000  -0.00000
 56.554 Sa   47  23   0.00009   0.00002     0.00009  -0.00001
 56.554 Sa   48  23  -0.00000   0.00000    -0.00000   0.00000
 56.554 Sa   49  23  -0.00004  -0.00007    -0.00009   0.00001
 56.554 Sa   50  23  -0.00008  -0.00000    -0.00000   0.00000
 56.554 Sa   24  24   0.00005  -0.00016     0.00015   0.00008
 56.554 Sa   25  24  -0.00014   0.00009    -0.00016  -0.00004
 56.554 Sa   26  24  -0.00034  -0.00072    -0.00038   0.00070
 56.554 Sa   27  24  -0.00013  -0.00075    -0.00020   0.00090
 56.554 Sa   28  24  -0.00000  -0.00000    -0.00000  -0.00000
 56.554 Sa   29  24   0.00010   0.00042     0.00018  -0.00054
 56.554 Sa   30  24   0.00020   0.00019     0.00034  -0.00024
 56.554 Sa   31  24   0.00018  -0.00020     0.00017   0.00020
 56.554 Sa   32  24  -0.00021  -0.00015    -0.00033   0.00021
 56.554 Sa   33  24  -0.00000   0.00000    -0.00007  -0.00011
 56.554 Sa   34  24  -0.00013   0.00035    -0.00008  -0.00036
 56.554 Sa   35  24   0.00012  -0.00021     0.00015   0.00019
 56.554 Sa   36  24   0.00009  -0.00007     0.00000   0.00000
 56.554 Sa   37  24  -0.00009  -0.00021    -0.00006   0.00010
 56.554 Sa   38  24  -0.00011   0.00019    -0.00010  -0.00019
 56.554 Sa   39  24   0.00001  -0.00011     0.00004   0.00010
 56.554 Sa   40  24   0.00001   0.00021     0.00001  -0.00021
 56.554 Sa   41  24   0.00009  -0.00005     0.00010  -0.00000
 56.554 Sa   42  24   0.00009  -0.00004     0.00019   0.00005
 56.554 Sa   43  24   0.00004  -0.00009     0.00007   0.00007
 56.554 Sa   44  24  -0.00028   0.00008    -0.00027  -0.00011
 56.554 Sa   45  24  -0.00000   0.00009    -0.00001  -0.00009
 56.554 Sa   46  24   0.00018  -0.00001     0.00018   0.00002
 56.554 Sa   47  24   0.00008  -0.00004     0.00008   0.00005
 56.554 Sa   48  24  -0.00023  -0.00014    -0.00023   0.00013
 56.554 Sa   49  24  -0.00017  -0.00003    -0.00017   0.00001
 56.554 Sa   50  24   0.00005  -0.00007     0.00007   0.00004
 56.554 Sa   25  25  -0.00007   0.00049     0.00003  -0.00033
 56.554 Sa   26  25  -0.00009   0.00047    -0.00002  -0.00048
 56.554 Sa   27  25  -0.00027   0.00015    -0.00029  -0.00011
 56.554 Sa   28  25  -0.00011  -0.00028    -0.00023   0.00038
 56.554 Sa   29  25  -0.00007  -0.00028    -0.00010   0.00027
 56.554 Sa   30  25   0.00001  -0.00028     0.00003   0.00028
 56.554 Sa   31  25   0.00013   0.00004     0.00026  -0.00006
 56.554 Sa   32  25  -0.00006   0.00039    -0.00005  -0.00039
 56.554 Sa   33  25  -0.00011   0.00006    -0.00011  -0.00005
 56.554 Sa   34  25   0.00009  -0.00023     0.00006   0.00024
 56.554 Sa   35  25   0.00000   0.00012    -0.00004  -0.00011
 56.554 Sa   36  25  -0.00023  -0.00006    -0.00022   0.00007
 56.554 Sa   37  25   0.00012  -0.00019     0.00011   0.00020
 56.554 Sa   38  25   0.00017   0.00014     0.00021  -0.00008
 56.554 Sa   39  25  -0.00009   0.00019    -0.00009  -0.00019
 56.554 Sa   40  25  -0.00007  -0.00008    -0.00008   0.00006
 56.554 Sa   41  25  -0.00005  -0.00009    -0.00004   0.00009
 56.554 Sa   42  25  -0.00003  -0.00020    -0.00000   0.00020
 56.554 Sa   43  25   0.00008   0.00005     0.00009  -0.00004
 56.554 Sa   44  25   0.00000   0.00000     0.00000  -0.00000
 56.554 Sa   45  25  -0.00001   0.00019    -0.00006  -0.00018
 56.554 Sa   46  25  -0.00010  -0.00015    -0.00009   0.00016
 56.554 Sa   47  25   0.00016  -0.00007     0.00017   0.00006
 56.554 Sa   48  25   0.00003   0.00008     0.00002  -0.00008
 56.554 Sa   49  25  -0.00009   0.00001    -0.00017  -0.00001
 56.554 Sa   50  25  -0.00008   0.00003    -0.00008  -0.00003
 56.554 Sa   26  26   0.00009  -0.00013     0.00012   0.00010
 56.554 Sa   27  26   0.00006   0.00014     0.00009  -0.00013
 56.554 Sa   28  26  -0.00007   0.00013    -0.00012  -0.00027
 56.554 Sa   29  26  -0.00028  -0.00002    -0.00028  -0.00003
 56.554 Sa   30  26  -0.00007  -0.00012    -0.00008   0.00011
 56.554 Sa   31  26   0.00008  -0.00011     0.00007   0.00011
 56.554 Sa   32  26   0.00012   0.00004     0.00011  -0.00007
 56.554 Sa   33  26   0.00009   0.00008     0.00016  -0.00020
 56.554 Sa   34  26  -0.00012   0.00003    -0.00000  -0.00000
 56.554 Sa   35  26  -0.00001  -0.00012    -0.00000   0.00000
 56.554 Sa   36  26  -0.00011  -0.00004    -0.00011   0.00003
 56.554 Sa   37  26  -0.00008  -0.00008    -0.00010   0.00005
 56.554 Sa   38  26   0.00008  -0.00007     0.00010   0.00005
 56.554 Sa   39  26   0.00011   0.00002     0.00009  -0.00005
 56.554 Sa   40  26  -0.00006   0.00009    -0.00003  -0.00010
 56.554 Sa   41  26  -0.00010  -0.00003    -0.00010   0.00002
 56.554 Sa   42  26   0.00008  -0.00005     0.00006   0.00008
 56.554 Sa   43  26   0.00003  -0.00009     0.00003   0.00009
 56.554 Sa   44  26  -0.00000   0.00000     0.00000  -0.00010
 56.554 Sa   45  26  -0.00000   0.00000    -0.00001  -0.00009
 56.554 Sa   46  26   0.00009  -0.00000     0.00008  -0.00004
 56.554 Sa   47  26  -0.00007  -0.00006    -0.00008   0.00005
 56.554 Sa   48  26   0.00004  -0.00008     0.00003   0.00008
 56.554 Sa   49  26   0.00004   0.00008     0.00012  -0.00012
 56.554 Sa   50  26  -0.00002   0.00008    -0.00000  -0.00008
 56.554 Sa   27  27  -0.00000  -0.00000    -0.00011   0.00010
 56.554 Sa   28  27   0.00006   0.00014     0.00008  -0.00012
 56.554 Sa   29  27   0.00001   0.00014     0.00005  -0.00013
 56.554 Sa   30  27  -0.00000  -0.00000    -0.00014  -0.00001
 56.554 Sa   31  27  -0.00013   0.00002    -0.00013   0.00000
 56.554 Sa   32  27  -0.00000   0.00000    -0.00000  -0.00000
 56.554 Sa   33  27  -0.00000   0.00000    -0.00000   0.00000
 56.554 Sa   34  27  -0.00012   0.00001    -0.00012   0.00003
 56.554 Sa   35  27   0.00010  -0.00007     0.00009   0.00008
 56.554 Sa   36  27   0.00000  -0.00000     0.00000   0.00000
 56.554 Sa   37  27   0.00000   0.00000     0.00000  -0.00000
 56.554 Sa   38  27  -0.00005   0.00010    -0.00004  -0.00010
 56.554 Sa   39  27  -0.00000   0.00000    -0.00000  -0.00000
 56.554 Sa   40  27  -0.00000  -0.00000    -0.00003   0.00010
 56.554 Sa   41  27   0.00000  -0.00000    -0.00000   0.00010
 56.554 Sa   42  27   0.00010  -0.00000     0.00010  -0.00003
 56.554 Sa   43  27   0.00008   0.00006     0.00007  -0.00006
 56.554 Sa   44  27  -0.00007   0.00006    -0.00008  -0.00005
 56.554 Sa   45  27  -0.00009  -0.00002    -0.00009   0.00004
 56.554 Sa   46  27  -0.00000  -0.00000    -0.00000   0.00000
 56.554 Sa   47  27   0.00009  -0.00001     0.00008   0.00004
 56.554 Sa   48  27   0.00003   0.00008     0.00006  -0.00007
 56.554 Sa   49  27  -0.00007   0.00005    -0.00007  -0.00005
 56.554 Sa   50  27  -0.00008   0.00003    -0.00008  -0.00004
 56.554 Sa   28  28   0.00001  -0.00015     0.00000   0.00000
 56.554 Sa   29  28  -0.00000   0.00000    -0.00003  -0.00014
 56.554 Sa   30  28   0.00010  -0.00009     0.00000  -0.00000
 56.554 Sa   31  28  -0.00001  -0.00013    -0.00003   0.00013
 56.554 Sa   32  28   0.00000  -0.00000     0.00000  -0.00000
 56.554 Sa   33  28  -0.00004   0.00012    -0.00002  -0.00013
 56.554 Sa   34  28   0.00000  -0.00000     0.00000   0.00000
 56.554 Sa   35  28   0.00010  -0.00006     0.00010   0.00006
 56.554 Sa   36  28  -0.00000   0.00000    -0.00000  -0.00000
 56.554 Sa   37  28   0.00000   0.00000    -0.00000  -0.00011
 56.554 Sa   38  28  -0.00000  -0.00000    -0.00000   0.00000
 56.554 Sa   39  28   0.00000  -0.00000     0.00009   0.00007
 56.554 Sa   40  28  -0.00000   0.00000    -0.00004  -0.00010
 56.554 Sa   41  28  -0.00000   0.00000    -0.00007  -0.00008
 56.554 Sa   42  28   0.00000  -0.00000     0.00000   0.00000
 56.554 Sa   43  28  -0.00000  -0.00000     0.00000   0.00010
 56.554 Sa   44  28   0.00000  -0.00000     0.00000   0.00000
 56.554 Sa   45  28   0.00000   0.00000    -0.00000  -0.00000
 56.554 Sa   46  28  -0.00000  -0.00000    -0.00000  -0.00000
 56.554 Sa   47  28   0.00000  -0.00000     0.00000   0.00000
 56.554 Sa   48  28  -0.00000  -0.00000     0.00000   0.00000
 56.554 Sa   49  28   0.00004  -0.00007     0.00000   0.00000
 56.554 Sa   50  28  -0.00000  -0.00000    -0.00000   0.00000
 56.554 Sa   29  29  -0.00000   0.00000    -0.00000   0.00000
 56.554 Sa   30  29  -0.00000   0.00000     0.00000  -0.00000
 56.554 Sa   31  29  -0.00013   0.00003    -0.00013   0.00004
 56.554 Sa   32  29   0.00000  -0.00000     0.00000   0.00000
 56.554 Sa   33  29  -0.00004   0.00012    -0.00000  -0.00000
 56.554 Sa   34  29  -0.00005   0.00011    -0.00004  -0.00012
 56.554 Sa   35  29  -0.00000  -0.00000    -0.00000   0.00000
 56.554 Sa   36  29  -0.00000  -0.00000    -0.00002   0.00011
 56.554 Sa   37  29   0.00000  -0.00000     0.00000  -0.00000
 56.554 Sa   38  29  -0.00008   0.00008    -0.00009  -0.00007
 56.554 Sa   39  29   0.00000   0.00000     0.00000   0.00000
 56.554 Sa   40  29  -0.00000  -0.00000    -0.00000   0.00000
 56.554 Sa   41  29   0.00000   0.00000     0.00000  -0.00000
 56.554 Sa   42  29   0.00000   0.00000     0.00000   0.00000
 56.554 Sa   43  29   0.00000  -0.00000     0.00004   0.00009
 56.554 Sa   44  29   0.00000  -0.00000     0.00000   0.00000
 56.554 Sa   45  29   0.00000   0.00000    -0.00000  -0.00000
 56.554 Sa   46  29  -0.00000   0.00000    -0.00000  -0.00000
 56.554 Sa   47  29   0.00000   0.00000     0.00000   0.00000
 56.554 Sa   48  29  -0.00000  -0.00000    -0.00000   0.00000
 56.554 Sa   49  29  -0.00000   0.00000    -0.00000   0.00000
 56.554 Sa   50  29   0.00000   0.00000     0.00000   0.00000
 56.554 Sa   30  30   0.00013  -0.00004     0.00014  -0.00001
 56.554 Sa   31  30  -0.00000  -0.00000     0.00000  -0.00000
 56.554 Sa   32  30   0.00000  -0.00000     0.00010  -0.00008
 56.554 Sa   33  30   0.00000   0.00000     0.00000  -0.00000
 56.554 Sa   34  30   0.00010  -0.00007     0.00012   0.00002
 56.554 Sa   35  30   0.00000  -0.00000     0.00000   0.00000
 56.554 Sa   36  30   0.00000   0.00000     0.00000  -0.00000
 56.554 Sa   37  30   0.00000  -0.00000     0.00000  -0.00000
 56.554 Sa   38  30  -0.00000  -0.00000    -0.00000  -0.00000
 56.554 Sa   39  30   0.00000  -0.00000     0.00000   0.00000
 56.554 Sa   40  30   0.00000  -0.00000    -0.00000   0.00000
 56.554 Sa   41  30   0.00000   0.00000     0.00000  -0.00000
 56.554 Sa   42  30  -0.00010  -0.00001    -0.00000  -0.00000
 56.554 Sa   43  30   0.00000  -0.00000     0.00000  -0.00000
 56.554 Sa   44  30   0.00000   0.00000     0.00000  -0.00000
 56.554 Sa   45  30  -0.00000   0.00000    -0.00000  -0.00000
 56.554 Sa   46  30  -0.00008  -0.00004    -0.00008   0.00004
 56.554 Sa   47  30   0.00000  -0.00000     0.00000   0.00000
 56.554 Sa   48  30   0.00000   0.00000     0.00006  -0.00006
 56.554 Sa   49  30  -0.00000   0.00000     0.00000  -0.00000
 56.554 Sa   50  30  -0.00007  -0.00004    -0.00008  -0.00001
 56.554 Sa   31  31  -0.00008   0.00011    -0.00013  -0.00001
 56.554 Sa   32  31  -0.00000  -0.00000    -0.00000   0.00000
 56.554 Sa   33  31  -0.00012   0.00005    -0.00013  -0.00001
 56.554 Sa   34  31  -0.00000   0.00000    -0.00000  -0.00000
 56.554 Sa   35  31  -0.00000   0.00000    -0.00000   0.00000
 56.554 Sa   36  31  -0.00000  -0.00000    -0.00000   0.00000
 56.554 Sa   37  31   0.00000   0.00000     0.00000   0.00000
 56.554 Sa   38  31  -0.00005   0.00010    -0.00000  -0.00000
 56.554 Sa   39  31  -0.00000  -0.00000    -0.00000   0.00000
 56.554 Sa   40  31  -0.00000  -0.00000    -0.00009   0.00006
 56.554 Sa   41  31   0.00000   0.00000     0.00000   0.00000
 56.554 Sa   42  31  -0.00000   0.00000    -0.00000  -0.00000
 56.554 Sa   43  31   0.00000  -0.00000     0.00000   0.00000
 56.554 Sa   44  31   0.00000  -0.00000     0.00002   0.00009
 56.554 Sa   45  31   0.00007   0.00006     0.00000   0.00000
 56.554 Sa   46  31  -0.00000   0.00000    -0.00000  -0.00000
 56.554 Sa   47  31  -0.00000  -0.00000    -0.00000   0.00000
 56.554 Sa   48  31  -0.00000  -0.00000    -0.00000   0.00000
 56.554 Sa   49  31   0.00000  -0.00000     0.00000   0.00000
 56.554 Sa   50  31  -0.00000   0.00000    -0.00000  -0.00000
 56.554 Sa   32  32   0.00012  -0.00004     0.00011  -0.00007
 56.554 Sa   33  32   0.00000  -0.00000     0.00000  -0.00000
 56.554 Sa   34  32   0.00012  -0.00004     0.00011  -0.00005
 56.554 Sa   35  32  -0.00000   0.00000    -0.00000  -0.00000
 56.554 Sa   36  32   0.00000  -0.00000     0.00000   0.00000
 56.554 Sa   37  32   0.00000  -0.00000     0.00000   0.00000
 56.554 Sa   38  32   0.00000  -0.00000     0.00000  -0.00000
 56.554 Sa   39  32   0.00000   0.00000     0.00000  -0.00000
 56.554 Sa   40  32  -0.00000   0.00000    -0.00000  -0.00000
 56.554 Sa   41  32   0.00007  -0.00008     0.00000   0.00000
 56.554 Sa   42  32  -0.00000  -0.00000    -0.00000  -0.00000
 56.554 Sa   43  32   0.00000   0.00000     0.00000   0.00000
 56.554 Sa   44  32  -0.00000  -0.00000    -0.00000  -0.00000
 56.554 Sa   45  32  -0.00000  -0.00000    -0.00000  -0.00000
 56.554 Sa   46  32  -0.00000  -0.00000    -0.00000  -0.00000
 56.554 Sa   47  32  -0.00000   0.00000    -0.00000  -0.00000
 56.554 Sa   48  32   0.00000  -0.00000     0.00000   0.00000
 56.554 Sa   49  32   0.00000  -0.00000     0.00000   0.00000
 56.554 Sa   50  32  -0.00000   0.00000    -0.00000  -0.00000
 56.554 Sa   33  33  -0.00012   0.00004    -0.00012   0.00003
 56.554 Sa   34  33  -0.00000   0.00000    -0.00000  -0.00000
 56.554 Sa   35  33  -0.00000   0.00000    -0.00000   0.00000
 56.554 Sa   36  33  -0.00000  -0.00000    -0.00000   0.00000
 56.554 Sa   37  33  -0.00011   0.00001    -0.00010   0.00005
 56.554 Sa   38  33  -0.00000  -0.00000    -0.00000   0.00000
 56.554 Sa   39  33  -0.00000   0.00000    -0.00000  -0.00000
 56.554 Sa   40  33  -0.00000   0.00000    -0.00000  -0.00000
 56.554 Sa   41  33   0.00000   0.00000     0.00000   0.00000
 56.554 Sa   42  33  -0.00000   0.00000    -0.00000   0.00000
 56.554 Sa   43  33   0.00000   0.00000     0.00000  -0.00000
 56.554 Sa   44  33  -0.00000  -0.00000    -0.00000  -0.00000
 56.554 Sa   45  33   0.00000  -0.00000     0.00000   0.00000
 56.554 Sa   46  33   0.00000   0.00000    -0.00000   0.00000
 56.554 Sa   47  33   0.00000   0.00000     0.00000   0.00000
 56.554 Sa   48  33   0.00000   0.00000     0.00000   0.00000
 56.554 Sa   49  33   0.00000   0.00000     0.00000   0.00000
 56.554 Sa   50  33  -0.00000  -0.00000    -0.00000  -0.00000
 56.554 Sa   34  34   0.00010  -0.00008     0.00012  -0.00001
 56.554 Sa   35  34   0.00000  -0.00000     0.00000   0.00000
 56.554 Sa   36  34   0.00009  -0.00007     0.00011   0.00003
 56.554 Sa   37  34  -0.00000  -0.00000    -0.00000   0.00000
 56.554 Sa   38  34   0.00000  -0.00000     0.00009  -0.00006
 56.554 Sa   39  34   0.00000   0.00000     0.00000  -0.00000
 56.554 Sa   40  34   0.00000  -0.00000     0.00000  -0.00000
 56.554 Sa   41  34   0.00000  -0.00000     0.00000   0.00000
 56.554 Sa   42  34  -0.00000  -0.00000    -0.00000   0.00000
 56.554 Sa   43  34   0.00000  -0.00000     0.00000  -0.00000
 56.554 Sa   44  34  -0.00000   0.00000    -0.00000  -0.00000
 56.554 Sa   45  34   0.00000   0.00000     0.00000   0.00000
 56.554 Sa   46  34  -0.00000   0.00000    -0.00000  -0.00000
 56.554 Sa   47  34  -0.00000  -0.00000     0.00000  -0.00000
 56.554 Sa   48  34  -0.00000  -0.00000    -0.00000  -0.00000
 56.554 Sa   49  34  -0.00000  -0.00000    -0.00000  -0.00000
 56.554 Sa   50  34  -0.00000  -0.00000     0.00000  -0.00000
 56.554 Sa   35  35  -0.00011   0.00004    -0.00011   0.00003
 56.554 Sa   36  35   0.00000  -0.00000     0.00000   0.00000
 56.554 Sa   37  35  -0.00000   0.00000    -0.00000   0.00000
 56.554 Sa   38  35   0.00000  -0.00000     0.00000   0.00000
 56.554 Sa   39  35  -0.00000   0.00000    -0.00000   0.00000
 56.554 Sa   40  35   0.00000   0.00000     0.00000  -0.00000
 56.554 Sa   41  35  -0.00000   0.00000    -0.00000   0.00000
 56.554 Sa   42  35  -0.00000   0.00000    -0.00000   0.00000
 56.554 Sa   43  35  -0.00000   0.00000    -0.00000  -0.00000
 56.554 Sa   44  35  -0.00000   0.00000    -0.00000   0.00000
 56.554 Sa   45  35   0.00000   0.00000     0.00000   0.00000
 56.554 Sa   46  35  -0.00000  -0.00000    -0.00000  -0.00000
 56.554 Sa   47  35   0.00000  -0.00000     0.00000  -0.00000
 56.554 Sa   48  35  -0.00000   0.00000    -0.00000   0.00000
 56.554 Sa   49  35   0.00000   0.00000     0.00000   0.00000
 56.554 Sa   50  35   0.00000  -0.00000     0.00000   0.00000
 56.554 Sa   36  36   0.00009  -0.00007     0.00011   0.00003
 56.554 Sa   37  36  -0.00000  -0.00000    -0.00000   0.00000
 56.554 Sa   38  36   0.00009  -0.00006     0.00011  -0.00000
 56.554 Sa   39  36   0.00000  -0.00000     0.00000   0.00000
 56.554 Sa   40  36   0.00000  -0.00000     0.00000   0.00000
 56.554 Sa   41  36   0.00000   0.00000     0.00000  -0.00000
 56.554 Sa   42  36   0.00000  -0.00000     0.00010  -0.00002
 56.554 Sa   43  36   0.00000  -0.00000     0.00000   0.00000
 56.554 Sa   44  36  -0.00000   0.00000    -0.00000  -0.00000
 56.554 Sa   45  36   0.00000   0.00000     0.00000  -0.00000
 56.554 Sa   46  36  -0.00000   0.00000    -0.00000  -0.00000
 56.554 Sa   47  36   0.00000  -0.00000     0.00000   0.00000
 56.554 Sa   48  36  -0.00000  -0.00000    -0.00000   0.00000
 56.554 Sa   49  36   0.00000  -0.00000     0.00000  -0.00000
 56.554 Sa   50  36  -0.00000  -0.00000    -0.00000  -0.00000
 56.554 Sa   37  37  -0.00008   0.00008    -0.00000   0.00000
 56.554 Sa   38  37  -0.00000   0.00000    -0.00000  -0.00000
 56.554 Sa   39  37  -0.00000   0.00000    -0.00011   0.00002
 56.554 Sa   40  37   0.00000  -0.00000     0.00000   0.00000
 56.554 Sa   41  37  -0.00000  -0.00000    -0.00000   0.00000
 56.554 Sa   42  37  -0.00000   0.00000    -0.00000   0.00000
 56.554 Sa   43  37  -0.00000   0.00000    -0.00000   0.00000
 56.554 Sa   44  37  -0.00000   0.00000     0.00000  -0.00000
 56.554 Sa   45  37  -0.00000   0.00000    -0.00000  -0.00000
 56.554 Sa   46  37  -0.00000   0.00000    -0.00000  -0.00000
 56.554 Sa   47  37   0.00000   0.00000     0.00000   0.00000
 56.554 Sa   48  37  -0.00000  -0.00000    -0.00000  -0.00000
 56.554 Sa   49  37   0.00000  -0.00000     0.00000   0.00000
 56.554 Sa   50  37  -0.00000   0.00000    -0.00000   0.00000
 56.554 Sa   38  38   0.00011  -0.00001     0.00010  -0.00005
 56.554 Sa   39  38  -0.00000  -0.00000    -0.00000   0.00000
 56.554 Sa   40  38   0.00004  -0.00010     0.00000   0.00000
 56.554 Sa   41  38   0.00000  -0.00000     0.00000  -0.00000
 56.554 Sa   42  38   0.00000  -0.00000     0.00000  -0.00000
 56.554 Sa   43  38  -0.00000  -0.00000    -0.00000   0.00000
 56.554 Sa   44  38   0.00000  -0.00000     0.00000   0.00000
 56.554 Sa   45  38   0.00000   0.00000     0.00000  -0.00000
 56.554 Sa   46  38   0.00000  -0.00000     0.00000   0.00000
 56.554 Sa   47  38   0.00000  -0.00000     0.00000   0.00000
 56.554 Sa   48  38  -0.00000   0.00000    -0.00000  -0.00000
 56.554 Sa   49  38   0.00000   0.00000     0.00000  -0.00000
 56.554 Sa   50  38  -0.00000  -0.00000    -0.00000   0.00000
 56.554 Sa   39  39  -0.00009   0.00005    -0.00011  -0.00001
 56.554 Sa   40  39   0.00000   0.00000     0.00000  -0.00000
 56.554 Sa   41  39  -0.00000   0.00000    -0.00000  -0.00000
 56.554 Sa   42  39  -0.00000   0.00000    -0.00000  -0.00000
 56.554 Sa   43  39  -0.00009   0.00004    -0.00010  -0.00000
 56.554 Sa   44  39   0.00000  -0.00000     0.00000   0.00000
 56.554 Sa   45  39  -0.00000   0.00000    -0.00000   0.00000
 56.554 Sa   46  39  -0.00000   0.00000    -0.00000  -0.00000
 56.554 Sa   47  39  -0.00000   0.00000    -0.00000   0.00000
 56.554 Sa   48  39  -0.00000   0.00000    -0.00000   0.00000
 56.554 Sa   49  39   0.00000   0.00000     0.00000  -0.00000
 56.554 Sa   50  39  -0.00000  -0.00000    -0.00008  -0.00001
 56.554 Sa   40  40   0.00010  -0.00003     0.00010  -0.00003
 56.554 Sa   41  40   0.00000  -0.00000     0.00000   0.00000
 56.554 Sa   42  40   0.00000  -0.00000     0.00000  -0.00000
 56.554 Sa   43  40  -0.00000  -0.00000     0.00000   0.00000
 56.554 Sa   44  40   0.00009  -0.00004     0.00009   0.00001
 56.554 Sa   45  40   0.00000   0.00000     0.00000  -0.00000
 56.554 Sa   46  40   0.00000  -0.00000     0.00000  -0.00000
 56.554 Sa   47  40  -0.00000   0.00000    -0.00000   0.00000
 56.554 Sa   48  40   0.00000  -0.00000     0.00000  -0.00000
 56.554 Sa   49  40   0.00000  -0.00000     0.00000  -0.00000
 56.554 Sa   50  40  -0.00000  -0.00000    -0.00000  -0.00000
 56.554 Sa   41  41  -0.00010   0.00002    -0.00010   0.00002
 56.554 Sa   42  41   0.00000   0.00000     0.00000  -0.00000
 56.554 Sa   43  41  -0.00000   0.00000    -0.00009   0.00003
 56.554 Sa   44  41  -0.00000   0.00000    -0.00000  -0.00000
 56.554 Sa   45  41  -0.00000   0.00000    -0.00000  -0.00000
 56.554 Sa   46  41   0.00000  -0.00000     0.00000   0.00000
 56.554 Sa   47  41  -0.00000   0.00000    -0.00000   0.00000
 56.554 Sa   48  41  -0.00000   0.00000    -0.00000  -0.00000
 56.554 Sa   49  41  -0.00000   0.00000    -0.00000   0.00000
 56.554 Sa   50  41   0.00000   0.00000     0.00000   0.00000
 56.554 Sa   42  42   0.00005  -0.00008     0.00008   0.00005
 56.554 Sa   43  42  -0.00000  -0.00000     0.00000   0.00000
 56.554 Sa   44  42   0.00000  -0.00000     0.00000   0.00000
 56.554 Sa   45  42  -0.00000  -0.00000    -0.00000   0.00000
 56.554 Sa   46  42   0.00008  -0.00005     0.00009   0.00003
 56.554 Sa   47  42  -0.00000  -0.00000    -0.00000  -0.00000
 56.554 Sa   48  42  -0.00000  -0.00000     0.00000  -0.00000
 56.554 Sa   49  42   0.00000  -0.00000     0.00000   0.00000
 56.554 Sa   50  42   0.00000   0.00000     0.00000  -0.00000
 56.554 Sa   43  43  -0.00009   0.00004    -0.00010  -0.00001
 56.554 Sa   44  43  -0.00000  -0.00000    -0.00000  -0.00000
 56.554 Sa   45  43  -0.00000   0.00000    -0.00008   0.00005
 56.554 Sa   46  43  -0.00000  -0.00000    -0.00000   0.00000
 56.554 Sa   47  43  -0.00009   0.00002    -0.00009  -0.00001
 56.554 Sa   48  43  -0.00000   0.00000    -0.00000   0.00000
 56.554 Sa   49  43  -0.00000   0.00000    -0.00000   0.00000
 56.554 Sa   50  43   0.00000  -0.00000     0.00000   0.00000
 56.554 Sa   44  44   0.00009  -0.00004     0.00009   0.00002
 56.554 Sa   45  44  -0.00000   0.00000     0.00000  -0.00000
 56.554 Sa   46  44   0.00009  -0.00003     0.00009  -0.00001
 56.554 Sa   47  44   0.00000  -0.00000     0.00000   0.00000
 56.554 Sa   48  44   0.00000  -0.00000     0.00000   0.00000
 56.554 Sa   49  44  -0.00006   0.00006    -0.00005  -0.00007
 56.554 Sa   50  44  -0.00000  -0.00000    -0.00000  -0.00000
 56.554 Sa   45  45  -0.00000   0.00000    -0.00000   0.00000
 56.554 Sa   46  45  -0.00009   0.00002    -0.00009  -0.00001
 56.554 Sa   47  45  -0.00008   0.00004    -0.00009   0.00000
 56.554 Sa   48  45  -0.00000   0.00000    -0.00000  -0.00000
 56.554 Sa   49  45  -0.00000   0.00009    -0.00000  -0.00000
 56.554 Sa   50  45   0.00000  -0.00000     0.00000   0.00000
 56.554 Sa   46  46   0.00000  -0.00009    -0.00000   0.00000
 56.554 Sa   47  46  -0.00008  -0.00005    -0.00017   0.00007
 56.554 Sa   48  46  -0.00000   0.00000     0.00003  -0.00008
 56.554 Sa   49  46   0.00007   0.00005     0.00006  -0.00006
 56.554 Sa   50  46   0.00008   0.00004     0.00007  -0.00005
 56.554 Sa   47  47   0.00000  -0.00000     0.00004   0.00008
 56.554 Sa   48  47  -0.00006  -0.00006    -0.00004   0.00008
 56.554 Sa   49  47  -0.00001  -0.00009    -0.00003   0.00017
 56.554 Sa   50  47   0.00000  -0.00000     0.00008   0.00001
 56.554 Sa   48  48  -0.00001   0.00009    -0.00001  -0.00018
 56.554 Sa   49  48   0.00017   0.00001     0.00026  -0.00000
 56.554 Sa   50  48   0.00005  -0.00006     0.00007   0.00005
 56.554 Sa   49  49  -0.00004   0.00008    -0.00003  -0.00008
 56.554 Sa   50  49  -0.00000  -0.00000    -0.00000   0.00000
 56.554 Sa   50  50  -0.00002  -0.00008    -0.00003   0.00008